131
115
12 40 11 36 21 27 13 45 10 10 31 42 23 27 35 20 50 13 50 29 40 41 21 21 34 48 49 38 34 29 40 19 17 25 15 38 38 47 41 35 26 15 21 38 27 47 15 16 37 29 14 47 34 32 12 44 20 35 46 22 13 34 48 30 50 20 42 44 40 18 49 35 37 32 39 42 25 35 27 19 33 25 46 32 17 36 34 40 45 41 30 16 39 33 39 40 26 39 38 11 50 36 39 37 11 18 32 12 36 23 33 31 11 21 42 
34 41 49 28 15 22 41 46 20 48 10 42 44 41 32 22 48 43 36 28 19 16 34 20 17 27 36 20 22 11 27 25 21 32 23 45 48 38 30 21 41 24 36 10 26 26 12 16 22 13 19 15 40 44 16 24 30 46 24 12 29 36 15 44 25 27 23 42 18 31 24 12 41 22 32 46 18 25 26 47 14 47 38 31 50 50 27 30 10 28 39 31 22 14 33 49 19 41 42 24 45 25 12 46 39 27 12 17 42 21 12 10 29 38 18 
26 22 23 41 32 46 10 16 13 30 18 13 21 48 19 35 37 19 26 43 18 49 12 22 10 28 47 18 37 18 50 10 23 21 26 34 41 42 38 49 43 35 26 33 15 37 17 23 30 47 15 50 25 33 43 28 14 48 34 30 20 37 20 49 42 49 36 18 31 14 15 17 20 26 43 38 36 11 15 25 11 44 34 50 25 19 22 29 34 47 19 14 13 46 41 49 22 38 27 21 20 22 18 14 50 42 22 34 50 13 48 38 39 32 41 
23 27 33 26 28 49 37 39 25 18 38 43 21 20 20 38 18 26 29 18 35 40 49 39 22 34 29 19 43 37 32 19 15 23 19 50 41 34 42 34 41 45 13 11 38 20 34 30 27 46 35 19 42 11 18 35 21 41 39 48 11 23 49 29 15 47 14 47 25 45 37 15 17 50 32 47 45 32 10 34 28 11 22 40 41 32 36 11 36 26 21 34 42 50 37 34 18 22 37 40 35 44 25 43 12 37 33 42 21 32 44 39 13 20 18 
25 42 41 21 40 14 48 50 30 17 27 42 48 43 47 27 42 12 21 14 22 11 26 37 20 18 40 17 47 35 39 40 45 47 10 26 10 18 21 44 49 46 21 46 23 11 26 34 40 47 46 40 45 19 32 25 32 20 15 39 11 24 14 50 31 20 42 27 33 34 11 29 44 48 35 33 15 12 49 28 38 17 25 47 48 40 12 50 15 43 48 24 11 33 39 48 17 31 14 32 23 14 44 18 40 27 17 34 34 25 39 44 21 30 42 
37 23 40 34 40 30 25 32 13 39 15 38 29 45 23 36 25 27 48 27 40 19 49 28 46 43 16 45 27 24 26 21 12 45 36 36 38 47 26 47 36 29 35 48 12 25 23 29 25 31 42 41 41 34 36 16 38 43 35 14 18 25 47 48 40 36 37 31 47 45 47 27 18 10 22 30 27 10 12 14 48 49 31 45 21 41 48 13 32 25 29 32 23 24 28 25 45 23 32 22 17 27 37 31 27 29 32 19 13 11 34 20 18 39 49 
26 34 39 46 41 10 16 33 48 31 42 32 34 24 32 44 47 23 10 47 34 31 35 27 37 49 40 11 42 47 12 24 37 14 29 14 25 12 15 41 11 41 25 39 12 38 23 13 17 31 37 34 48 29 43 23 25 24 33 36 31 46 25 15 44 29 45 22 35 48 12 13 10 27 20 39 26 38 16 20 36 46 44 29 36 39 49 27 39 40 42 19 48 39 40 45 30 31 29 39 21 26 40 48 34 32 23 50 47 40 14 17 50 10 34 
11 23 19 39 28 32 30 41 42 11 48 43 47 27 38 47 15 28 17 26 27 19 28 27 17 10 39 50 13 48 39 47 15 22 27 10 40 27 34 18 38 40 41 11 28 35 21 39 14 23 42 14 47 28 35 22 37 29 25 41 38 31 22 15 42 20 37 13 49 12 44 14 28 38 30 32 33 16 36 37 36 26 18 49 13 27 40 40 37 14 14 29 11 38 32 12 35 49 45 25 37 40 10 19 27 27 50 23 47 26 21 16 43 25 13 
42 20 25 12 40 15 24 10 21 14 28 38 47 12 43 49 50 37 44 10 32 44 47 39 13 49 35 46 29 26 11 50 45 32 25 23 32 49 10 49 11 41 18 45 40 23 48 20 13 22 47 24 47 21 47 29 17 45 37 29 45 23 49 43 15 36 13 49 31 47 40 47 28 11 35 46 44 34 38 39 10 41 40 24 45 15 16 16 43 45 43 16 32 33 27 20 27 41 11 33 14 22 17 47 27 20 12 42 47 35 24 28 42 31 47 
26 17 39 16 50 43 24 30 41 26 35 23 11 29 29 19 20 19 18 41 48 10 49 27 45 12 38 12 34 21 42 33 29 14 38 32 32 44 29 11 42 27 50 46 20 20 41 43 38 12 50 26 44 27 26 44 26 36 25 46 13 41 33 44 40 32 44 35 48 45 38 50 49 14 11 38 23 44 32 25 33 12 45 12 46 33 38 44 15 48 15 39 49 14 33 48 34 49 13 35 23 23 10 10 16 23 18 49 23 20 43 24 35 47 34 
24 10 33 26 22 14 42 12 34 18 13 14 24 38 25 33 33 46 24 44 21 32 38 41 28 32 43 21 32 12 35 21 35 22 25 13 33 30 41 36 29 39 45 39 45 44 28 29 33 29 21 40 10 15 43 21 20 34 41 29 49 49 24 27 31 15 32 28 48 48 27 37 36 49 18 21 39 49 30 10 13 11 49 31 39 13 16 35 35 42 50 18 42 15 16 13 34 32 36 44 34 41 30 18 16 45 50 41 12 21 10 43 19 36 14 
46 18 18 49 23 47 43 16 42 28 47 35 27 34 31 28 39 38 13 15 27 46 49 23 25 45 24 11 19 34 36 40 19 18 13 39 33 46 47 39 44 43 37 19 33 37 38 10 39 42 46 33 28 25 39 26 26 13 21 17 27 20 38 14 23 49 23 41 19 48 37 12 32 41 40 24 46 37 20 40 45 26 28 12 20 46 15 11 26 47 21 43 24 32 39 49 39 44 43 16 17 13 47 30 28 14 36 17 19 14 13 48 15 43 28 
10 42 19 19 41 32 29 45 24 27 32 13 36 46 33 40 44 10 15 44 14 33 10 19 22 34 12 25 50 16 46 34 29 11 11 10 25 37 16 45 12 18 46 19 43 37 12 25 46 35 24 30 27 50 30 29 48 34 27 35 14 36 45 39 40 23 31 36 24 14 20 35 10 13 45 29 22 26 12 45 31 44 43 37 14 37 40 16 11 10 47 25 46 34 20 34 33 42 47 41 17 22 15 13 30 19 44 20 49 18 25 50 17 50 10 
30 15 36 38 47 50 16 29 18 10 18 36 16 16 38 45 36 37 18 45 14 40 11 35 50 31 45 20 37 33 20 36 32 22 29 31 26 33 22 43 18 39 18 21 46 26 33 37 33 11 24 35 16 48 18 40 21 49 10 27 33 31 43 12 25 46 17 30 39 30 10 20 34 46 23 35 13 14 32 30 15 46 30 11 17 13 35 48 23 48 27 21 42 40 14 28 21 42 38 10 40 18 50 36 14 31 27 14 30 17 14 43 36 48 43 
11 44 47 19 10 48 26 16 19 47 24 32 15 47 11 49 13 25 37 18 22 29 41 20 42 32 28 21 31 40 36 45 37 21 38 36 13 48 25 39 48 41 38 21 22 10 17 43 12 17 10 47 28 36 35 25 19 25 23 26 15 14 28 46 10 26 29 22 35 26 17 44 19 36 13 40 38 49 48 15 33 23 28 17 15 10 24 26 38 12 24 19 50 48 24 36 34 24 24 24 33 32 28 12 50 34 25 14 22 46 26 35 35 31 22 
35 14 41 32 29 30 40 48 47 25 17 12 16 43 48 16 42 37 11 12 20 36 37 31 46 11 37 37 25 44 21 29 10 25 46 22 18 45 29 22 19 31 36 20 41 36 21 17 22 39 49 38 40 30 11 45 22 13 10 35 12 25 30 21 46 30 14 43 25 28 34 18 39 46 48 34 17 50 42 18 25 37 43 10 45 40 36 50 42 15 10 49 42 40 42 48 29 14 13 11 22 49 42 28 24 31 23 22 49 10 36 47 13 12 34 
32 45 30 10 48 35 13 45 13 35 48 15 22 45 25 36 28 33 49 35 26 36 10 11 19 35 43 13 50 26 25 15 23 22 19 43 46 28 24 29 33 12 23 26 40 23 34 34 27 11 44 16 48 12 21 40 22 44 36 34 42 25 12 21 30 27 26 11 20 48 23 17 26 29 36 45 44 38 48 11 25 30 23 15 46 19 36 21 41 30 17 33 26 32 32 22 14 25 37 45 42 46 10 11 41 34 36 44 13 13 34 23 13 12 31 
34 46 42 39 37 42 25 15 42 46 32 13 16 26 43 25 13 29 19 10 49 32 12 17 15 43 37 17 32 38 29 47 21 29 36 34 40 20 24 50 19 19 12 31 39 50 19 34 34 31 33 35 21 17 37 44 46 33 22 17 17 16 38 43 26 16 13 45 11 47 26 20 21 43 20 20 19 23 17 17 11 20 19 15 10 19 12 46 35 20 29 37 27 39 18 26 15 20 37 36 26 11 30 15 14 22 42 20 49 17 43 18 36 21 39 
14 24 40 41 13 28 36 22 44 44 40 49 46 43 36 30 30 33 25 18 42 37 31 50 36 44 41 27 34 37 22 49 21 37 42 13 44 32 35 20 25 39 41 31 36 48 30 27 11 45 48 40 34 36 31 18 38 32 47 11 13 10 26 26 13 20 22 23 39 33 33 32 24 49 30 32 16 32 27 17 22 22 25 19 44 21 35 43 13 18 24 33 49 24 43 11 29 50 35 30 39 17 30 39 47 37 41 10 18 37 33 35 30 42 47 
44 26 44 17 26 20 40 14 16 22 28 38 15 16 26 18 42 30 15 25 34 45 42 15 24 36 28 17 10 48 50 22 14 27 26 28 34 10 11 37 26 33 28 12 18 25 25 24 27 39 50 50 13 13 13 42 21 27 36 16 17 12 36 13 29 16 17 36 25 17 20 23 32 30 42 36 47 22 31 31 41 13 48 48 33 15 22 24 28 22 25 25 41 40 34 29 36 45 25 44 24 17 39 27 31 47 26 35 35 23 15 21 38 24 31 
34 28 40 12 15 42 42 19 12 39 29 34 14 19 27 33 28 34 49 20 47 31 16 14 33 25 50 26 19 48 28 13 24 48 10 29 34 41 32 46 47 37 33 29 11 48 26 13 30 33 25 27 15 32 49 17 50 17 33 27 16 24 34 16 17 47 49 44 16 25 13 48 21 50 29 31 22 36 31 29 48 20 17 10 36 42 38 28 12 17 28 18 19 11 47 25 36 18 33 31 30 35 12 28 30 49 28 10 13 15 42 28 39 46 27 
32 37 48 44 36 49 14 27 17 39 11 45 12 26 13 27 33 37 13 20 12 44 15 41 38 36 37 27 32 26 29 10 21 23 34 43 17 41 45 12 31 49 21 40 45 15 33 42 36 34 38 23 32 46 10 10 42 41 11 45 32 40 44 35 36 11 50 42 34 33 47 20 40 22 29 17 46 11 47 39 21 30 27 46 33 11 17 45 27 25 35 33 35 15 46 38 16 37 42 19 49 33 21 40 21 33 48 12 27 45 12 26 21 49 16 
23 25 28 40 36 38 42 35 27 39 44 37 12 22 48 50 15 40 46 39 36 27 30 14 44 21 19 46 23 40 45 10 45 12 26 24 43 50 44 34 47 41 28 21 14 21 20 48 30 33 41 33 48 30 18 26 40 27 17 29 45 21 46 50 14 36 20 17 32 26 35 10 11 49 30 41 49 12 22 27 49 50 10 16 40 23 12 39 27 27 30 30 45 21 40 19 32 11 37 19 47 21 47 17 12 45 45 41 39 22 39 39 42 50 37 
46 25 35 45 48 18 50 12 42 27 11 47 48 30 20 37 36 46 11 28 47 38 18 29 27 42 15 45 24 36 41 40 20 38 17 25 32 25 26 15 21 21 30 29 31 31 49 35 49 10 25 34 49 24 12 30 12 21 46 48 34 24 23 15 25 14 50 37 46 31 23 10 18 45 31 47 25 45 46 13 42 25 31 48 40 14 13 49 29 28 21 49 12 32 12 19 26 42 33 36 10 46 43 30 15 37 22 44 12 38 13 43 49 36 49 
18 40 47 21 36 40 33 30 11 20 30 46 30 16 16 23 46 17 38 10 15 18 16 34 48 26 39 47 12 16 43 47 32 38 19 45 45 24 28 25 15 19 18 31 43 45 49 10 25 41 26 29 23 29 33 11 21 41 21 25 48 34 43 26 35 42 50 20 40 40 47 27 31 37 21 23 32 19 31 10 46 10 20 13 18 21 48 49 37 31 29 30 32 12 38 23 19 29 13 34 34 50 21 13 49 43 26 13 49 25 43 36 31 30 22 
43 18 19 45 22 47 12 36 34 32 15 35 43 34 38 42 40 35 30 26 35 25 38 11 48 21 26 34 32 17 11 16 43 42 42 50 18 42 40 16 30 33 14 29 17 45 37 20 16 21 29 18 37 34 37 50 18 13 32 15 45 23 26 17 36 17 20 47 45 32 10 16 47 50 22 32 42 38 47 50 21 35 28 35 13 16 10 22 26 47 42 49 36 28 37 12 47 48 28 18 32 13 17 16 24 21 23 33 41 34 26 23 25 36 35 
37 13 36 38 38 29 31 17 23 27 12 31 26 16 29 20 43 37 19 22 46 28 14 32 38 37 16 37 19 14 33 24 30 22 49 13 19 15 49 16 17 43 49 20 22 17 18 46 35 35 48 48 34 31 20 50 18 15 35 19 27 12 47 50 22 16 11 27 33 37 13 15 25 50 15 27 40 13 45 26 43 26 12 17 29 49 30 25 47 14 39 12 36 42 14 12 22 15 41 37 17 32 13 49 38 49 13 43 20 22 10 48 14 23 28 
32 46 45 10 20 39 40 38 20 29 25 11 28 35 47 33 34 37 42 36 26 35 18 31 20 14 45 49 42 42 35 31 28 50 12 47 43 39 41 14 42 10 11 21 47 23 40 46 41 46 35 18 30 25 27 43 17 21 30 21 24 40 43 20 16 19 33 33 38 23 11 49 29 15 26 41 41 47 39 34 17 45 49 24 36 18 35 50 43 22 21 18 13 21 21 33 29 12 30 35 36 42 14 19 50 28 31 12 50 14 16 21 44 43 31 
29 50 10 46 48 11 41 32 27 19 40 21 14 47 23 46 16 45 42 22 43 14 25 26 27 15 37 50 29 13 22 34 16 36 32 46 34 28 41 49 14 32 14 42 31 48 11 20 48 11 12 37 43 20 25 17 18 10 39 21 43 17 27 25 34 27 48 42 42 18 10 10 13 36 13 46 20 17 31 47 18 40 48 38 21 29 19 36 20 44 37 22 39 24 40 26 15 24 12 25 40 35 31 28 23 20 31 17 38 29 31 45 38 31 18 
44 21 35 49 15 25 15 24 38 48 29 27 17 12 22 42 28 44 25 38 22 32 10 46 27 40 27 21 42 31 33 37 35 36 50 19 27 10 50 19 33 47 20 17 34 45 10 43 36 39 20 30 45 46 46 10 36 19 33 25 10 23 40 25 42 37 23 33 35 41 37 48 23 40 47 21 45 18 37 33 14 49 45 29 44 15 45 23 28 37 32 13 43 22 30 45 21 23 14 46 33 16 42 28 34 30 33 34 16 23 49 37 32 24 34 
47 14 29 34 19 25 35 12 18 20 15 32 36 46 45 10 29 48 35 40 36 11 11 48 20 29 45 36 32 40 40 28 33 16 42 14 50 13 49 11 46 19 46 41 19 13 27 29 43 18 16 41 25 29 45 23 42 41 44 15 10 34 31 43 29 33 26 45 46 39 33 16 43 46 43 47 35 42 37 40 47 13 25 21 24 19 18 32 44 29 20 29 29 12 34 42 33 20 46 22 11 37 35 39 48 23 17 17 22 50 31 36 40 10 10 
46 42 26 10 45 48 42 32 49 47 15 24 10 29 16 24 36 11 40 50 49 49 29 44 18 28 15 16 19 29 26 50 36 44 40 42 10 41 32 39 40 33 10 29 31 13 25 37 23 15 19 38 24 23 10 25 12 20 43 11 41 20 21 10 40 14 27 10 41 13 13 13 26 46 29 20 33 13 23 45 29 40 27 30 32 35 49 23 45 27 43 19 45 19 17 43 44 15 13 17 22 11 36 12 47 33 37 26 25 19 10 46 11 45 44 
42 36 39 42 36 27 27 18 37 42 36 42 37 25 29 14 42 31 30 12 38 17 18 32 26 47 26 26 20 49 21 32 11 45 36 25 36 14 36 34 36 49 47 43 10 30 40 15 43 30 14 17 48 24 26 39 32 22 15 16 37 19 18 20 49 28 26 28 37 50 12 41 29 32 17 26 20 22 38 18 36 25 33 12 28 13 29 22 12 47 30 30 46 38 15 20 19 13 40 39 10 49 17 50 50 27 45 18 34 28 16 35 50 38 32 
32 37 47 39 30 29 19 50 38 43 13 28 41 37 34 15 35 19 50 23 16 31 16 39 12 38 29 13 40 31 41 36 17 23 19 50 26 25 18 39 39 31 16 38 30 47 20 21 18 18 41 27 20 37 25 36 45 25 28 10 19 10 36 42 49 45 32 21 38 25 12 37 23 40 16 38 21 39 48 50 22 26 47 33 14 46 36 43 40 34 49 14 39 33 47 21 29 15 12 27 28 13 10 46 22 40 16 13 24 50 49 37 25 32 43 
17 33 17 14 47 20 48 42 47 19 33 41 36 38 35 13 15 47 31 36 15 29 16 44 14 50 43 18 49 37 40 34 24 29 11 42 25 39 14 46 35 17 25 11 23 20 10 40 49 49 27 50 17 28 39 28 49 30 35 21 37 48 49 37 36 42 40 12 14 41 19 34 15 15 44 25 35 11 44 37 24 10 44 15 43 42 35 22 10 49 45 47 31 21 33 10 29 14 30 17 15 38 24 31 15 18 27 11 19 45 25 24 34 44 10 
31 21 18 32 41 48 44 24 48 37 26 38 22 22 40 13 12 45 17 27 42 36 32 12 13 48 37 38 29 20 41 13 17 47 29 29 48 21 50 17 38 37 50 44 34 25 28 16 45 31 35 34 16 37 30 27 14 34 24 37 10 29 42 37 33 42 37 46 47 20 31 48 34 39 18 22 19 44 50 10 24 32 34 37 17 35 19 38 44 30 39 21 27 29 21 44 32 19 22 30 26 26 49 50 11 22 39 17 41 33 21 20 39 19 11 
23 39 45 23 21 27 39 43 34 40 43 14 26 10 15 34 18 25 33 45 47 11 26 32 18 21 11 46 16 28 30 21 37 15 15 30 21 19 33 42 30 28 14 16 20 19 28 14 41 18 36 26 38 20 23 13 29 21 12 27 30 21 33 26 48 13 46 46 37 21 25 50 13 44 36 34 46 20 30 46 44 40 20 46 31 39 11 45 25 11 21 38 39 16 20 32 20 35 40 36 18 43 14 30 11 49 48 35 26 40 19 23 43 42 40 
17 12 44 36 50 38 42 15 10 37 25 40 39 15 13 27 19 36 23 37 17 16 13 49 26 34 19 49 21 39 29 39 36 46 41 49 14 48 24 12 27 14 11 44 27 31 38 15 21 48 22 39 15 41 21 47 49 29 24 44 40 46 15 45 26 35 18 25 30 31 37 28 32 44 46 50 49 39 36 30 35 47 23 17 46 16 33 36 32 14 28 10 17 22 37 12 25 21 14 39 24 43 48 37 16 44 49 15 38 46 31 27 32 43 31 
24 40 11 48 43 41 34 27 28 22 49 10 13 26 29 19 25 22 33 30 24 38 49 26 29 19 20 26 38 42 31 49 23 30 46 34 11 14 20 46 16 22 13 50 27 43 46 28 22 12 30 24 48 16 35 42 49 24 16 21 21 41 11 43 31 41 49 49 36 40 35 14 17 33 29 28 24 37 34 40 38 41 44 17 24 22 20 28 27 31 16 45 23 32 47 19 34 34 25 18 25 14 30 48 44 32 50 44 23 50 11 28 32 21 43 
47 17 26 22 33 21 15 35 21 39 19 10 39 34 20 33 39 33 44 22 45 50 24 29 15 27 20 29 15 44 13 35 43 46 40 12 18 48 29 21 32 18 47 22 21 41 39 15 43 44 39 42 22 18 37 12 47 41 20 48 28 48 34 37 31 12 32 24 50 38 22 20 11 33 13 34 38 21 40 32 32 10 33 12 47 12 36 20 24 13 20 49 13 45 23 44 11 21 43 47 16 11 27 39 12 25 39 23 27 29 48 13 28 34 14 
25 26 39 41 34 21 23 14 49 17 24 35 18 27 50 24 49 24 13 27 37 13 47 26 25 32 43 11 48 45 50 50 50 11 33 30 33 28 27 13 22 35 12 31 18 22 42 32 27 42 23 44 12 21 25 46 28 48 32 15 38 33 25 23 32 16 43 10 27 29 32 21 32 15 45 32 42 14 23 26 38 37 49 23 35 25 11 46 29 43 19 29 44 31 46 10 50 14 17 37 25 47 10 17 21 14 40 10 49 39 36 19 45 30 20 
16 44 28 26 49 17 44 27 47 12 22 30 19 24 22 43 27 19 29 25 45 35 27 33 31 28 50 10 47 10 34 36 22 35 46 26 17 34 36 20 48 42 25 11 11 35 45 26 33 46 38 38 25 16 32 21 26 20 36 47 48 40 19 28 42 19 50 39 13 44 15 13 23 16 24 21 31 33 11 23 26 31 50 39 30 48 43 43 16 48 10 30 40 37 44 22 20 43 22 30 41 16 36 49 22 47 46 37 39 37 29 25 33 47 22 
49 33 49 17 34 40 11 31 32 21 48 39 22 39 23 15 22 12 43 47 25 40 33 13 10 41 12 29 37 42 29 26 14 27 34 16 13 19 12 42 41 15 19 10 14 21 39 37 32 25 16 20 16 30 15 30 12 36 19 33 42 21 21 32 36 38 50 49 48 19 16 27 10 40 49 22 38 29 27 46 33 44 18 48 33 47 22 34 43 50 19 18 20 26 41 24 37 24 45 30 49 39 29 49 40 14 38 38 46 31 13 17 14 24 20 
40 47 31 38 48 15 49 24 46 15 26 28 31 11 18 32 42 44 28 35 32 32 33 45 47 32 11 27 15 22 48 28 38 33 43 44 35 49 47 29 40 50 11 27 17 23 11 50 12 12 38 41 40 13 48 30 38 42 15 42 48 33 49 49 46 39 37 37 23 30 32 29 14 38 17 27 39 44 37 11 19 18 49 17 23 43 43 44 49 14 34 36 37 46 32 28 14 47 37 37 45 27 30 12 32 21 35 40 11 28 14 46 16 18 29 
32 25 44 34 49 11 46 46 44 34 28 30 17 32 32 45 10 48 16 46 45 25 34 18 37 25 21 44 27 19 11 37 17 17 46 44 48 26 32 41 23 32 34 50 21 12 37 38 45 14 33 17 17 21 46 14 23 16 35 44 48 14 20 27 50 37 42 19 40 20 15 39 24 32 45 42 42 45 22 45 21 48 23 23 34 45 20 28 45 25 47 22 23 45 14 21 23 24 10 11 24 14 14 42 30 21 13 37 21 29 28 10 41 30 44 
45 11 48 29 26 50 43 10 47 22 22 35 12 39 31 43 20 22 36 26 47 49 24 41 11 27 29 17 15 23 32 36 32 17 36 49 49 13 24 42 27 13 50 45 31 23 45 44 17 38 39 14 35 30 24 32 11 44 27 31 18 42 31 46 42 31 45 35 14 40 24 45 11 48 39 10 48 20 45 36 27 12 30 48 23 49 37 22 37 38 21 50 23 10 18 41 15 10 14 50 26 49 31 38 23 26 29 15 49 16 43 49 37 40 26 
30 49 24 44 35 32 29 20 43 18 31 44 37 47 34 12 39 39 42 48 15 37 26 22 25 38 38 19 45 33 32 48 41 35 15 18 31 11 39 49 40 22 45 23 50 21 14 13 10 11 47 42 25 13 25 23 38 15 14 41 27 33 47 43 26 10 15 37 13 47 16 44 43 31 15 21 35 14 39 10 46 37 16 40 24 20 49 28 49 48 16 47 39 48 48 18 30 29 17 35 21 39 32 50 14 26 20 36 25 22 34 46 36 16 47 
24 44 28 18 47 26 41 41 32 22 48 21 22 13 26 13 34 14 29 33 27 37 19 21 25 44 44 12 38 50 42 12 11 10 19 48 40 44 14 14 28 14 49 24 40 35 41 47 25 27 17 49 15 37 49 46 14 23 36 22 36 18 43 49 33 35 41 39 36 13 19 12 40 17 49 14 19 11 23 27 49 38 49 18 45 49 22 33 27 31 32 17 30 13 39 11 40 37 40 11 18 39 14 12 24 24 15 46 44 38 18 22 50 30 25 
49 29 37 42 15 19 44 22 49 16 49 29 42 47 46 46 23 25 35 19 44 50 19 28 47 15 38 34 47 13 46 22 22 17 22 41 15 33 37 48 39 16 23 44 29 10 28 43 36 23 18 31 16 14 27 11 13 19 28 39 10 20 19 46 43 15 11 30 21 15 13 35 17 48 27 43 31 37 17 22 19 23 29 48 41 50 28 44 10 18 40 32 20 30 37 16 49 35 10 37 26 27 31 49 21 24 48 27 36 12 20 48 32 25 11 
49 16 41 31 17 10 32 16 47 11 17 31 10 20 20 12 18 34 41 46 39 39 43 21 41 36 28 11 28 22 47 50 34 31 49 50 45 11 41 22 45 18 17 46 30 36 47 24 38 39 30 34 39 18 36 29 13 37 16 49 32 37 40 11 18 11 47 32 23 45 38 13 31 42 30 21 10 10 40 49 20 14 35 16 35 25 13 14 10 28 32 22 18 30 34 43 38 37 47 14 25 48 15 13 13 20 27 26 20 16 32 25 33 12 33 
15 22 35 28 29 45 27 31 26 28 15 22 45 35 22 15 19 24 34 29 24 11 32 28 41 28 21 18 19 44 29 20 29 46 34 24 49 26 15 28 43 28 27 49 29 14 29 42 11 37 37 44 47 19 44 46 36 40 13 27 37 37 45 11 43 13 49 11 45 30 49 19 30 32 43 43 21 46 39 22 40 30 36 20 31 21 35 41 40 15 37 13 12 35 22 43 38 11 38 45 31 20 33 32 41 47 32 34 29 35 46 46 36 37 39 
35 41 47 48 10 16 10 35 37 17 13 40 15 23 45 31 30 25 36 27 39 26 20 48 23 36 39 41 39 46 20 12 33 33 44 32 24 18 40 10 39 43 41 24 29 12 26 34 10 19 14 28 28 14 30 27 46 35 30 13 18 26 29 50 49 47 49 23 20 40 43 50 20 47 14 15 29 44 11 17 13 17 27 42 39 49 24 19 25 32 47 17 27 46 41 10 48 40 23 37 11 20 48 19 13 16 33 46 35 23 14 42 11 38 38 
31 43 26 38 19 28 24 45 36 10 14 48 27 35 43 26 21 35 18 13 42 34 42 47 29 31 46 35 25 41 37 47 21 11 20 48 31 26 18 35 10 30 17 15 46 34 37 29 43 35 15 22 35 16 27 48 26 34 44 20 32 22 14 39 43 42 37 18 39 29 16 23 32 47 19 22 49 30 43 34 46 10 12 15 20 49 14 17 29 49 34 37 38 48 30 18 47 17 39 16 12 11 45 36 38 33 26 33 27 42 25 50 37 31 50 
38 22 31 21 11 22 26 36 32 24 38 48 24 23 50 26 16 22 30 44 48 28 39 11 23 12 27 31 37 48 13 16 19 23 45 49 27 24 15 30 28 23 21 42 40 41 17 19 19 50 23 19 40 25 13 13 20 46 36 38 30 27 31 14 44 50 33 36 19 38 34 10 26 34 34 19 45 33 43 12 28 23 41 29 41 26 27 33 13 40 12 16 19 11 17 12 36 47 25 48 11 46 24 45 49 49 50 50 10 47 21 30 49 10 41 
36 12 30 46 19 42 37 47 14 10 42 26 49 36 21 24 37 50 30 38 39 49 35 15 26 37 50 17 46 26 24 33 27 19 29 23 49 11 35 20 50 14 21 30 13 39 50 16 27 16 35 40 32 34 45 44 42 32 28 21 30 49 32 33 11 39 33 49 42 10 40 24 46 49 17 17 37 31 30 12 50 15 21 19 47 28 14 15 21 33 37 24 44 30 42 40 16 47 11 35 35 50 31 37 18 30 40 27 23 33 35 33 45 11 20 
42 30 10 12 31 44 41 24 17 31 35 37 41 24 26 16 26 44 40 34 13 46 44 31 47 28 22 45 43 13 28 14 49 20 21 21 49 23 20 44 28 43 20 24 23 36 39 36 18 33 25 10 15 12 12 12 30 13 29 22 37 15 17 23 25 32 31 49 29 42 47 20 28 40 11 29 13 46 13 38 35 12 30 38 15 40 48 19 38 44 14 11 35 12 35 10 27 48 16 20 46 13 12 13 42 31 34 11 27 36 15 19 27 32 48 
50 30 37 10 39 26 26 49 41 20 17 19 11 32 24 26 21 28 20 18 15 32 47 33 11 42 25 37 39 13 42 16 10 44 40 42 16 18 41 13 23 37 28 22 30 36 31 38 31 38 23 32 46 22 50 42 49 47 27 15 33 10 14 16 16 31 21 23 49 23 26 14 20 23 40 23 47 22 50 11 45 17 32 40 48 42 24 44 18 27 22 46 26 10 25 34 12 46 22 35 17 11 11 50 16 49 30 46 37 38 16 42 35 13 18 
18 16 11 11 38 18 23 21 24 36 33 48 21 12 26 37 31 35 48 49 22 38 25 17 45 32 39 25 20 13 29 15 35 32 34 31 11 21 27 20 46 12 23 38 31 31 39 13 34 44 37 25 43 11 50 29 33 18 13 10 12 10 15 44 11 15 37 28 41 39 38 11 44 48 36 15 37 26 20 11 21 14 18 27 30 44 21 30 31 10 18 39 12 42 25 37 24 20 11 29 37 28 43 48 32 38 31 32 21 47 13 37 24 34 26 
35 13 31 30 20 17 45 30 14 35 28 36 48 34 32 34 33 12 23 15 17 45 36 20 14 34 10 42 24 36 17 32 18 29 50 26 15 25 26 49 42 21 35 20 19 33 38 19 33 34 10 21 14 24 33 39 42 23 11 45 10 16 23 33 21 32 10 41 40 26 27 28 21 18 18 14 41 47 40 45 21 38 17 19 36 33 13 17 47 36 25 13 42 16 45 40 48 27 36 28 10 39 13 33 15 29 13 39 49 15 45 27 48 36 29 
17 44 13 12 36 23 14 35 20 30 30 17 34 48 29 33 17 28 44 26 38 13 15 44 29 29 46 29 27 17 28 27 26 12 50 24 36 22 22 39 44 43 22 41 20 35 12 18 27 24 47 15 24 11 32 33 37 16 46 29 33 31 28 44 18 42 25 24 27 18 22 41 22 32 16 26 45 37 20 38 50 18 16 28 37 10 31 30 43 13 29 17 35 35 30 45 26 40 50 32 28 33 17 47 50 17 43 44 39 27 12 34 13 26 48 
18 45 32 43 29 27 38 48 39 21 38 41 23 31 12 43 23 12 33 27 14 43 16 32 48 49 15 25 41 36 21 13 27 27 41 21 43 31 31 28 44 28 48 10 48 12 24 31 43 13 31 44 20 19 34 39 16 38 30 39 47 12 26 27 36 40 47 33 44 36 13 27 43 30 16 45 44 20 31 38 33 16 49 45 40 41 14 39 44 40 21 27 19 33 22 33 32 12 40 15 13 17 33 38 44 31 20 50 26 48 19 45 32 34 48 
44 15 23 23 33 36 12 14 38 22 35 42 41 42 40 47 46 22 20 21 33 28 41 42 10 12 16 25 40 31 22 15 36 15 24 29 41 13 40 26 26 45 37 12 45 18 40 26 14 18 41 48 26 41 17 42 20 46 25 12 32 33 33 47 34 36 14 49 25 49 41 39 11 35 27 40 19 19 45 49 33 16 33 21 50 45 28 19 47 33 36 34 21 14 47 23 36 30 24 12 49 23 47 18 29 27 38 45 18 37 38 50 21 18 33 
40 48 29 33 31 24 24 37 39 28 35 26 28 29 17 38 31 39 14 31 13 38 16 46 34 15 40 40 28 12 11 41 26 36 39 25 15 20 30 12 16 18 35 12 40 44 27 43 23 44 34 13 36 18 39 32 40 12 39 41 33 38 42 33 33 39 18 20 48 45 33 41 41 29 11 28 17 12 48 18 34 27 31 12 31 50 43 41 24 42 22 30 37 41 18 41 31 46 36 40 36 39 43 25 28 26 45 31 42 28 50 38 36 38 25 
15 21 26 44 48 47 15 33 32 30 27 13 38 35 16 44 38 16 23 47 27 24 38 13 50 20 17 32 16 35 44 10 48 22 39 37 30 12 41 23 44 13 19 30 46 21 42 22 31 39 18 26 48 42 21 40 30 45 11 35 43 21 21 11 13 31 47 39 38 42 30 25 35 21 34 45 44 25 43 20 41 27 17 37 46 29 31 32 16 28 31 47 20 45 31 45 39 22 25 25 16 46 14 34 15 50 30 29 21 45 23 31 26 33 19 
39 21 13 43 28 48 15 44 10 49 21 40 23 49 49 15 44 26 39 42 27 10 49 27 33 10 33 40 23 48 32 24 35 39 22 15 40 15 13 24 12 29 22 43 32 32 49 24 20 47 24 13 10 50 22 47 36 15 32 18 31 22 36 16 26 41 11 41 41 17 11 48 35 12 44 12 40 47 47 42 45 17 31 24 17 16 13 36 25 11 43 37 49 20 46 25 27 12 44 26 24 24 23 44 18 13 14 42 47 38 42 12 27 32 10 
34 26 10 26 13 20 11 47 33 27 50 10 35 33 35 23 32 49 10 25 24 10 46 22 31 38 31 31 23 37 33 27 40 50 47 12 23 37 50 25 14 49 49 11 10 14 38 33 41 41 21 28 23 12 50 31 13 33 28 31 16 25 36 48 31 15 43 27 19 43 41 14 12 23 28 31 46 16 12 50 25 13 10 12 29 41 30 41 40 15 34 21 37 28 19 47 14 28 19 32 32 15 33 15 27 30 48 13 34 17 38 43 45 43 45 
23 42 49 22 16 44 31 45 30 29 10 22 33 45 45 41 19 15 33 23 40 30 31 31 15 48 27 14 44 28 22 39 45 33 43 18 14 44 44 17 48 14 20 10 18 13 40 48 30 42 22 42 17 43 20 15 26 44 42 13 26 12 43 41 12 35 14 34 23 13 26 18 31 11 19 43 39 49 42 15 49 13 36 23 34 12 36 12 15 43 26 44 20 27 28 24 27 26 21 44 39 40 17 41 46 10 13 42 35 45 29 16 41 10 14 
26 16 46 11 22 30 13 41 23 25 47 40 34 48 21 46 48 48 25 50 47 36 20 29 41 48 12 35 32 29 24 42 11 15 10 47 17 26 19 15 23 13 12 23 40 24 26 36 17 21 50 42 11 28 47 16 12 47 35 19 23 38 30 24 29 16 21 43 37 36 50 24 10 18 36 14 45 21 36 28 35 44 12 40 40 21 23 13 34 30 29 47 14 43 31 28 36 16 35 46 48 25 37 21 25 20 30 36 19 44 37 46 44 40 32 
16 30 12 43 43 32 15 20 41 19 45 49 25 36 44 13 35 25 33 50 47 48 34 18 30 42 13 34 48 14 20 24 29 41 40 48 48 34 24 40 24 29 21 37 18 28 38 40 31 48 22 17 42 31 19 35 29 25 38 19 43 16 12 34 14 39 32 37 16 12 43 10 23 35 12 12 31 37 33 19 22 33 29 47 47 11 35 45 39 46 46 30 16 29 26 45 13 13 28 49 26 43 13 34 48 13 18 40 44 50 13 14 36 28 19 
49 37 29 50 28 38 49 31 17 38 25 24 47 20 25 49 46 43 13 33 43 28 18 50 13 29 18 15 50 15 34 35 41 20 15 33 34 16 31 42 15 49 11 43 23 41 28 34 26 43 43 38 43 23 37 42 42 42 28 31 40 42 39 42 25 16 41 21 35 21 38 36 33 44 50 17 15 42 23 13 43 45 30 18 22 43 31 16 27 20 20 23 39 38 38 40 21 14 34 45 40 31 33 37 29 41 45 50 25 10 23 40 15 46 14 
35 43 25 31 50 39 44 27 33 48 49 34 11 24 15 31 38 37 27 46 12 31 19 21 42 32 13 17 37 19 13 32 45 14 29 42 41 10 31 15 37 12 31 16 20 29 34 18 15 46 41 20 19 34 14 32 33 19 17 41 49 39 39 34 23 23 20 20 11 36 26 42 16 16 37 34 45 29 39 18 26 20 41 46 25 39 42 25 22 35 37 50 29 46 26 40 11 25 33 17 50 13 20 43 11 12 22 11 45 34 21 48 10 17 30 
27 49 49 36 42 21 18 41 47 15 14 12 39 43 37 13 20 33 42 27 46 49 19 35 21 47 48 14 38 12 28 17 22 34 26 23 13 40 36 34 15 45 41 33 29 47 43 34 48 34 29 48 17 32 28 34 23 48 28 39 11 34 50 28 38 22 46 46 16 45 36 17 38 34 34 17 24 22 20 17 28 47 35 28 18 42 15 50 41 33 30 38 25 23 15 43 11 13 41 17 10 50 30 38 46 12 18 34 40 49 43 38 44 23 19 
25 49 40 34 29 38 15 26 50 37 20 48 34 33 48 38 46 23 38 22 15 12 20 39 21 43 50 36 48 18 41 37 44 48 25 50 37 21 37 25 27 43 21 48 26 40 31 23 50 23 45 27 22 12 30 24 20 11 32 20 15 48 28 38 47 29 10 17 34 32 46 34 45 45 13 48 16 14 29 40 42 46 31 29 33 10 28 17 46 27 42 19 37 20 33 39 45 28 29 39 30 37 32 15 32 48 36 46 31 14 43 42 16 31 13 
15 15 10 24 14 27 13 34 50 27 13 23 28 41 48 15 22 33 27 27 40 21 46 10 20 21 33 33 47 26 33 17 16 11 50 26 50 49 44 30 20 41 28 30 25 42 27 38 23 40 37 25 30 23 12 41 12 49 28 12 43 30 44 16 10 31 50 14 24 40 24 19 41 40 39 33 28 11 21 35 29 18 24 15 33 41 26 27 37 16 47 20 18 15 14 33 46 22 23 43 12 44 29 38 31 31 42 36 50 27 27 21 19 22 38 
46 10 19 38 32 20 12 32 38 11 18 42 17 15 35 33 37 28 23 25 21 29 46 26 31 25 24 32 32 23 38 33 46 16 15 43 39 38 46 28 46 40 36 18 13 32 30 50 46 39 34 31 34 19 30 29 19 37 22 19 20 46 32 27 44 33 27 25 21 19 11 20 27 43 31 46 30 27 24 41 21 24 35 35 25 10 37 19 32 17 10 34 12 29 25 25 18 10 38 43 17 47 24 44 24 50 48 37 44 19 24 20 45 24 47 
21 49 43 48 28 20 38 42 49 25 19 19 26 12 39 43 34 21 14 34 22 26 24 37 42 32 19 50 50 19 36 23 43 37 50 50 25 12 41 28 47 15 36 43 20 44 42 50 46 36 13 33 37 37 20 12 46 39 30 38 22 44 14 30 10 39 32 18 29 23 20 28 20 40 35 19 11 26 49 23 15 26 43 18 36 47 23 26 21 35 42 27 12 33 33 22 33 37 35 38 46 46 27 23 16 14 46 15 16 26 36 50 29 37 46 
36 40 44 39 30 42 10 15 29 20 28 40 41 46 11 38 10 20 15 48 47 18 47 31 44 29 45 10 46 48 28 24 49 24 22 17 30 46 36 39 27 30 21 30 22 21 42 25 12 14 16 50 26 18 37 28 44 12 12 46 11 45 44 41 35 34 28 25 48 38 43 21 17 23 27 21 35 26 28 24 18 13 48 50 49 23 19 22 17 24 31 20 31 50 50 24 12 15 28 32 22 19 39 38 21 47 39 50 38 12 11 41 32 17 46 
25 33 15 23 46 16 22 16 17 14 12 18 22 31 30 26 44 47 41 24 26 24 40 26 26 29 49 42 23 19 23 32 14 44 15 22 32 38 39 13 31 30 23 35 18 48 33 22 49 48 19 37 32 38 33 39 19 44 39 27 31 10 19 36 16 38 26 20 34 17 21 40 28 23 39 43 41 40 40 48 24 22 32 27 17 15 24 15 40 12 41 49 18 29 24 44 12 15 38 10 24 17 46 18 40 15 10 31 50 43 23 40 44 10 33 
39 28 46 27 14 20 18 34 13 28 50 17 22 43 30 44 16 40 41 38 44 26 22 47 38 30 50 46 37 28 46 10 25 35 26 37 20 47 42 20 44 32 27 50 49 34 40 35 18 16 43 35 35 24 47 10 29 49 16 45 16 26 18 49 34 41 26 27 16 11 23 40 36 12 31 35 14 27 19 19 22 40 46 33 14 50 13 32 26 15 18 39 44 45 24 15 44 27 31 10 45 17 41 18 42 40 12 30 14 35 45 10 18 10 18 
50 47 49 37 29 10 34 41 29 29 26 46 16 13 31 47 47 21 38 17 19 10 25 32 29 10 28 41 34 25 44 40 18 50 30 23 13 15 42 22 31 17 35 14 48 25 29 11 24 50 19 48 18 36 12 18 11 19 48 21 24 50 25 16 38 39 19 34 28 31 29 29 35 12 11 49 43 29 43 50 37 34 36 15 18 12 41 13 17 37 14 18 30 10 47 24 19 39 38 36 20 24 38 30 20 26 34 40 49 49 50 13 19 47 10 
43 14 17 25 43 35 42 50 14 14 45 24 13 12 38 21 15 35 15 16 43 37 15 50 42 10 20 10 13 21 14 28 27 28 18 32 25 26 33 27 30 11 33 19 20 23 35 41 45 33 40 41 28 42 50 14 35 15 15 23 34 50 28 11 23 42 42 28 48 38 34 25 32 22 13 31 13 35 12 14 36 42 45 50 42 32 31 18 18 25 32 40 31 12 18 10 29 30 29 13 50 11 21 17 47 25 15 11 47 34 12 48 25 25 19 
28 17 15 13 35 25 19 44 11 31 44 18 38 42 15 19 35 10 12 20 19 41 50 11 22 47 43 40 40 31 25 34 45 43 20 25 28 13 44 40 48 26 27 50 45 15 11 45 35 33 28 22 28 28 26 48 22 18 44 33 19 31 43 48 28 24 14 19 33 18 21 50 12 30 22 10 11 13 15 15 16 22 23 49 35 17 26 16 25 41 12 32 42 26 15 22 44 20 21 15 38 12 42 37 11 20 38 35 20 23 10 36 27 16 27 
18 34 35 20 19 28 30 13 49 40 30 16 36 37 29 32 25 28 28 35 11 43 22 16 23 38 19 16 46 33 30 49 24 42 16 26 21 45 31 26 14 41 10 42 43 45 43 28 36 10 33 27 28 35 11 14 50 31 35 41 35 29 24 15 50 14 25 49 44 23 30 11 14 22 24 31 33 32 40 20 50 14 36 48 25 14 31 22 20 36 23 19 46 32 43 21 23 24 43 34 43 34 12 44 16 13 23 45 44 20 29 48 42 11 46 
38 28 14 26 25 29 47 49 21 11 36 48 43 22 31 43 11 12 16 44 17 37 31 19 50 29 47 16 48 48 44 48 14 11 23 24 12 19 14 48 49 24 16 38 24 16 12 29 47 32 42 10 45 49 12 41 37 21 26 35 33 30 35 34 41 46 26 16 25 30 12 20 43 45 46 44 17 36 10 41 17 33 47 33 23 23 23 35 20 25 10 37 47 35 22 24 24 25 18 17 24 13 49 38 38 22 29 38 15 22 13 44 49 43 39 
41 27 10 26 47 46 14 49 12 37 34 14 26 40 16 20 43 33 15 31 44 46 26 13 22 30 50 20 18 33 50 32 17 12 10 29 16 15 17 10 32 15 48 15 15 15 15 49 25 28 46 27 48 29 36 17 12 41 22 19 47 15 39 45 38 11 36 32 47 18 46 33 21 30 45 30 30 48 14 50 45 48 14 37 12 18 46 26 34 48 20 18 10 18 37 28 38 40 32 37 45 16 27 34 34 42 20 35 14 39 19 40 13 16 48 
50 45 49 18 11 17 36 24 49 44 27 27 25 43 20 12 36 24 11 23 46 17 49 40 48 25 35 22 26 28 21 45 42 45 17 36 41 42 26 18 11 33 19 19 17 26 11 48 23 16 41 38 38 14 43 28 22 28 24 10 46 10 31 17 13 33 44 50 28 23 12 41 32 16 44 33 48 43 20 26 34 19 31 12 39 37 10 38 33 32 25 36 30 23 29 47 10 34 16 42 12 49 49 50 35 13 25 20 26 43 25 12 45 46 15 
17 33 43 16 38 39 35 21 47 11 28 11 29 37 26 44 46 23 50 40 44 30 26 30 45 46 19 22 24 23 39 10 38 28 11 37 16 33 29 34 32 28 26 30 26 34 22 15 22 19 34 12 18 31 50 18 41 40 25 11 42 17 33 10 38 46 16 28 41 49 31 29 12 37 43 41 26 42 22 17 46 20 24 38 26 14 18 13 50 49 29 14 11 38 18 50 30 11 46 39 15 34 10 43 45 48 48 45 32 15 13 19 28 11 42 
12 47 30 42 19 30 42 16 28 30 26 39 16 42 11 27 46 50 42 19 33 44 41 22 43 42 42 44 41 25 49 46 42 30 12 36 11 12 15 41 39 35 50 19 43 12 20 49 17 46 19 27 18 33 47 42 26 10 31 50 34 48 47 11 11 46 34 40 44 30 31 26 16 44 30 38 33 25 49 45 18 18 28 49 33 38 14 11 40 43 30 26 48 16 43 21 35 48 19 46 21 25 28 17 50 34 34 12 21 37 38 50 34 26 46 
22 46 11 37 22 49 23 23 16 21 17 12 19 10 26 40 46 20 13 46 37 32 28 21 42 18 26 43 34 47 25 19 34 33 47 42 48 44 20 10 33 48 20 17 47 12 39 32 40 48 19 36 30 44 39 24 26 32 33 37 37 46 16 13 47 26 10 50 29 20 18 27 31 13 34 28 38 24 22 16 40 50 19 14 43 47 43 31 15 37 27 30 35 30 27 11 13 41 40 36 46 34 43 22 27 18 30 26 16 49 46 38 15 34 15 
34 11 35 44 42 45 32 34 39 38 41 50 27 17 30 48 49 13 40 30 18 12 40 13 41 47 26 16 46 43 40 34 39 30 34 31 30 44 35 11 12 38 37 26 20 19 35 20 21 17 18 33 34 42 47 31 33 49 50 47 27 49 43 34 28 20 47 32 47 31 11 45 48 18 28 21 39 16 42 19 25 14 12 31 10 31 22 34 20 42 14 48 23 48 50 36 50 26 39 37 11 45 20 30 24 37 28 32 30 44 20 49 40 27 13 
23 43 25 13 21 14 23 44 25 49 15 17 37 40 32 21 25 31 19 50 24 13 10 18 36 18 43 20 50 30 36 40 18 44 14 41 35 25 41 36 34 41 39 17 12 42 38 15 42 23 27 42 50 36 11 37 43 25 29 28 16 26 49 19 31 17 28 29 35 28 13 43 18 30 14 30 15 32 46 21 43 26 35 32 36 44 40 44 18 47 11 10 37 31 50 19 39 29 43 46 36 19 40 48 11 23 18 43 36 48 40 16 35 44 12 
13 29 35 22 32 35 12 19 47 49 17 23 46 14 37 37 25 13 46 18 44 47 28 40 31 31 16 45 19 36 30 42 44 26 40 28 13 50 12 44 36 22 17 45 11 21 35 41 14 32 30 37 43 26 48 38 50 50 30 18 25 37 13 45 40 26 38 13 21 45 24 42 46 41 23 49 18 24 32 22 11 49 28 22 14 25 39 17 50 12 19 37 38 28 36 18 23 25 11 44 25 38 44 43 49 47 27 40 19 38 48 17 30 25 24 
38 23 38 37 21 23 32 10 31 38 46 34 12 39 17 35 24 42 49 23 33 16 50 47 38 15 46 43 33 15 37 20 47 43 30 49 29 42 17 47 29 14 17 27 27 49 23 42 20 17 17 44 30 35 21 35 38 24 24 21 42 37 24 32 28 36 18 47 43 29 42 19 14 19 14 27 13 15 34 32 41 11 49 40 11 39 29 36 38 38 12 50 13 27 49 44 24 26 49 31 48 31 32 11 18 25 14 11 49 50 17 45 30 31 48 
16 10 22 36 27 36 19 27 44 34 25 20 27 34 37 42 19 21 30 12 37 35 44 28 34 10 16 40 44 35 32 20 37 22 14 23 18 20 45 14 23 14 36 24 22 42 24 39 38 25 46 34 47 20 42 42 13 19 43 31 23 20 25 15 50 40 22 43 10 49 39 17 35 26 16 41 30 46 48 34 18 31 44 16 37 47 17 11 13 44 10 12 24 23 33 48 12 25 49 36 37 39 49 44 45 15 13 50 34 40 38 11 49 34 40 
28 19 25 20 23 33 27 36 32 20 38 32 36 23 18 37 50 32 43 50 42 26 23 36 49 36 36 48 43 36 28 39 29 14 33 39 13 18 36 31 39 27 45 12 13 41 43 32 24 44 43 47 45 25 46 25 50 39 15 41 35 24 17 17 43 12 38 42 31 25 22 12 45 33 45 44 31 16 22 37 23 37 26 41 11 38 26 10 39 25 34 16 48 19 12 22 41 46 29 12 10 17 37 25 37 48 10 17 34 50 22 23 35 20 42 
36 16 48 39 35 38 21 49 24 34 23 20 41 26 40 41 16 13 38 39 40 46 20 34 49 27 47 29 44 24 42 39 12 16 45 17 39 33 14 49 30 13 21 31 11 20 17 36 39 30 48 36 25 27 50 44 35 20 23 40 24 39 41 41 28 25 35 35 21 46 22 31 31 33 40 25 47 19 11 25 26 22 46 13 36 24 15 16 47 12 36 41 11 42 10 49 28 46 32 28 14 43 28 44 25 32 15 40 36 10 28 48 48 29 10 
50 32 26 31 17 47 37 30 31 28 30 30 41 40 16 16 14 26 13 19 39 14 40 48 46 31 46 48 17 33 32 34 21 41 27 20 41 43 40 19 37 23 24 49 41 48 42 25 18 40 34 11 16 24 15 26 18 39 30 22 30 49 44 32 17 14 15 48 30 24 14 37 18 28 11 30 46 10 25 20 10 10 47 17 31 31 13 33 17 23 46 21 36 31 47 39 29 41 46 46 32 35 28 40 14 17 35 23 22 26 16 30 19 19 48 
10 47 39 17 16 40 35 46 23 47 25 47 44 10 18 25 20 41 14 14 21 41 10 27 10 41 31 23 49 33 15 21 11 45 34 26 15 31 42 45 16 36 17 30 50 25 38 21 30 28 34 15 28 44 18 39 23 27 14 24 33 26 32 43 21 13 49 29 38 49 46 19 50 49 18 50 48 48 28 11 17 31 31 34 44 29 43 19 14 14 20 29 38 37 14 42 42 36 44 37 20 40 19 23 36 50 22 28 10 26 34 19 15 47 27 
23 25 25 37 19 22 28 20 18 21 37 41 23 11 22 40 34 32 25 34 23 41 13 23 14 29 21 29 19 46 37 31 40 44 25 41 38 47 30 41 21 32 23 38 39 23 46 26 48 28 17 48 29 31 44 13 25 20 46 22 40 40 48 39 42 10 16 15 19 33 14 20 31 21 21 50 21 24 50 35 40 35 47 29 36 24 12 19 26 22 34 39 34 43 26 33 42 11 34 46 35 39 50 42 14 13 47 20 16 13 30 49 13 43 47 
35 47 35 39 28 32 45 38 13 38 42 18 21 46 36 50 42 46 47 18 12 46 12 38 42 23 27 36 23 28 36 27 27 17 38 48 24 26 26 22 13 35 48 12 31 24 17 28 10 26 25 43 26 31 27 45 41 47 43 36 40 42 30 24 49 34 24 16 19 15 38 12 21 19 16 33 44 42 30 39 11 27 25 42 19 25 10 22 10 19 21 39 29 46 38 22 22 44 34 15 17 37 29 36 16 30 37 21 33 43 14 35 14 24 11 
49 34 43 47 24 31 23 33 21 36 26 35 17 15 42 11 26 19 25 47 16 13 17 24 47 48 15 27 18 45 31 14 48 45 28 25 11 19 34 48 42 41 12 46 26 11 31 20 30 40 16 34 49 29 46 10 38 27 43 36 20 23 45 38 45 29 36 25 24 11 39 34 44 29 35 14 50 25 13 41 15 49 15 17 46 10 37 10 26 15 48 32 10 44 13 13 31 43 23 40 36 16 18 24 44 36 27 44 39 37 29 38 39 20 38 
29 19 35 38 50 40 13 11 20 10 21 36 32 17 45 44 22 30 33 40 45 36 24 15 28 36 32 40 26 15 49 36 24 13 25 47 38 14 40 41 31 50 11 25 11 41 34 33 27 44 31 24 41 22 45 14 50 31 24 28 21 29 41 28 47 43 47 40 31 24 24 30 46 27 45 21 23 38 24 12 11 30 30 31 33 25 39 50 34 50 18 43 16 23 15 14 31 28 14 23 23 39 20 13 19 11 12 26 16 31 37 10 29 34 44 
31 30 48 13 27 11 45 11 32 50 38 12 30 19 19 15 46 34 43 13 44 30 32 17 13 18 26 44 23 13 30 17 37 21 41 12 25 44 21 50 29 22 11 30 30 37 39 10 47 24 38 37 17 26 12 43 49 10 26 23 40 24 21 12 21 12 48 10 23 16 42 29 29 28 29 23 16 25 28 34 15 17 24 43 40 33 29 17 39 31 15 10 19 50 22 46 17 36 31 20 13 47 48 15 46 15 15 28 10 27 23 49 14 45 23 
16 40 38 49 25 15 45 22 44 36 25 28 34 43 22 23 46 11 11 10 13 28 12 19 22 18 24 11 41 14 32 19 21 16 31 28 28 13 40 46 50 23 31 19 34 22 49 36 28 35 50 20 33 41 10 37 15 26 50 18 17 21 22 10 21 24 19 33 11 38 39 18 49 26 26 18 22 15 48 29 46 26 30 34 33 48 38 31 32 43 27 37 46 46 42 47 11 49 42 47 10 10 18 37 26 32 37 46 23 26 21 11 44 44 37 
19 46 50 12 45 39 36 46 38 37 41 41 18 46 23 33 34 24 22 38 17 37 24 13 36 47 12 26 42 34 35 33 38 37 18 36 39 26 16 22 40 33 30 40 27 47 39 22 16 48 41 39 11 41 19 34 24 42 25 41 24 40 37 22 10 31 45 42 16 17 48 46 50 12 29 16 46 47 50 35 37 35 40 42 50 40 16 45 10 47 37 44 46 15 20 48 15 14 13 42 30 25 26 11 16 18 35 31 38 33 13 25 36 40 24 
35 27 34 18 47 29 15 31 29 16 26 20 15 12 14 16 17 18 49 18 24 20 30 35 38 40 20 21 25 37 31 40 23 34 41 47 46 49 14 36 41 28 21 42 28 22 49 38 40 45 13 30 31 34 40 22 13 42 35 43 42 14 22 48 19 26 27 20 41 14 31 18 36 36 35 28 12 31 18 10 12 35 37 27 40 42 10 13 11 42 43 11 17 27 20 30 33 10 21 10 23 16 10 22 42 18 23 35 45 18 35 24 45 18 36 
18 18 39 13 45 43 28 12 25 49 49 22 18 31 41 23 11 39 11 14 42 31 19 24 24 45 16 11 10 46 34 28 18 15 21 48 21 12 43 17 41 42 37 29 35 22 33 19 34 34 34 26 34 42 11 41 38 31 45 28 17 45 31 12 26 36 22 46 13 32 30 17 46 44 28 30 47 32 33 44 46 44 24 45 47 16 22 43 41 24 19 27 20 38 19 34 44 21 47 25 10 28 18 49 32 16 28 32 33 40 50 20 14 19 42 
48 13 44 10 23 13 21 30 14 27 39 44 44 15 19 46 50 11 30 24 32 31 27 27 10 31 40 40 30 25 20 49 25 33 27 19 16 14 10 46 22 11 30 32 31 16 17 44 25 31 47 25 35 21 49 19 12 29 19 32 50 32 48 40 15 25 31 18 35 26 25 35 30 29 19 43 45 42 29 24 49 21 13 36 29 10 41 35 23 34 16 29 26 21 40 27 34 38 24 18 40 15 40 25 11 29 28 25 24 27 14 22 10 27 25 
22 30 46 38 26 19 10 39 23 44 49 39 24 40 10 23 13 45 24 21 39 27 17 48 44 17 43 41 34 32 25 10 35 12 37 31 24 30 42 49 48 29 41 33 21 37 27 24 32 46 21 44 29 12 29 22 16 35 49 44 18 36 18 34 25 12 41 10 22 47 24 10 48 27 18 10 24 48 19 26 36 47 33 16 45 11 42 38 37 15 28 50 35 30 35 45 47 20 21 16 46 12 31 31 19 26 30 35 23 42 42 46 14 25 24 
23 37 42 21 47 28 25 10 40 44 44 42 24 40 18 11 48 15 45 37 15 40 24 50 11 28 23 34 30 31 28 41 37 21 36 27 21 46 48 14 27 34 47 21 39 50 33 47 30 36 28 27 16 43 13 11 27 21 50 26 29 12 39 41 42 10 37 17 28 44 22 17 40 27 17 49 42 24 11 44 45 22 12 10 10 42 16 39 29 40 33 37 45 50 48 47 47 33 30 49 21 39 10 34 20 14 39 20 20 27 10 46 17 13 15 
32 39 14 49 18 41 14 40 27 43 16 27 46 42 34 19 50 39 31 41 41 37 15 41 12 13 20 45 50 29 30 20 17 39 13 44 33 31 22 31 41 43 27 18 17 20 11 39 15 48 43 12 12 15 24 16 37 47 41 42 16 13 35 32 36 47 49 11 49 32 46 29 39 38 29 32 24 43 15 28 35 45 22 21 30 33 31 37 12 31 28 25 40 48 27 42 15 27 25 47 16 10 45 25 26 49 22 46 15 21 30 50 50 41 23 
29 17 17 16 26 49 10 44 39 22 28 13 38 38 12 48 37 25 25 50 20 48 35 43 11 30 16 42 39 11 33 34 26 13 31 14 22 21 15 31 31 30 14 13 17 17 50 10 14 44 11 39 36 31 45 13 49 34 50 46 16 11 46 45 34 24 46 40 46 43 38 17 13 21 12 22 21 33 18 36 26 44 11 12 22 17 18 27 39 24 33 34 30 12 30 19 30 18 24 18 10 46 34 31 40 16 50 36 19 16 34 18 13 39 36 
42 42 50 48 24 34 48 50 15 21 29 26 21 48 36 36 15 36 43 34 26 14 23 36 33 37 45 24 28 13 15 44 48 29 22 27 29 20 21 50 11 48 43 18 50 20 37 16 19 26 41 25 49 20 27 37 43 19 49 13 45 19 19 27 19 45 37 31 28 41 31 10 42 43 41 32 36 12 46 11 41 24 16 20 26 11 50 31 41 33 48 25 33 35 42 39 24 39 48 19 20 24 44 23 46 10 10 31 17 15 26 30 34 14 43 
11 46 48 15 32 47 42 43 29 34 50 12 23 27 24 24 49 28 16 27 29 23 45 32 14 44 29 50 30 42 22 46 30 25 14 36 47 41 39 41 34 31 50 14 19 11 11 45 26 34 34 25 50 44 13 11 47 35 50 35 36 44 32 10 21 17 29 26 47 41 15 28 17 12 38 19 10 46 50 32 32 31 23 20 18 33 26 19 16 22 19 50 14 16 31 31 23 15 10 10 31 49 50 35 22 23 40 37 50 21 23 46 17 12 39 
30 30 37 22 18 42 10 12 45 35 50 17 46 32 32 18 44 32 27 33 35 24 16 35 33 45 29 47 29 20 32 30 47 41 46 43 40 19 32 19 19 28 17 11 20 10 50 37 33 32 15 41 18 18 36 45 37 16 11 19 26 11 12 48 17 28 41 34 50 19 41 12 36 40 22 17 36 31 43 21 28 12 22 32 32 36 16 38 33 27 10 41 29 27 12 25 28 26 47 37 36 37 20 33 28 40 18 36 43 31 25 41 37 13 27 
17 29 26 42 42 14 42 22 32 24 36 34 19 32 36 32 43 28 47 16 14 35 10 43 24 11 15 18 32 49 42 45 10 40 29 30 11 24 32 48 17 30 32 35 43 16 43 46 15 25 25 15 27 20 31 44 37 45 38 10 19 45 21 21 37 25 44 23 33 40 35 45 27 50 33 17 11 32 26 40 20 14 24 49 12 30 40 16 15 41 28 13 44 30 40 33 47 30 15 50 21 37 33 50 26 34 14 24 22 25 22 11 22 12 34 
34 22 33 40 25 22 42 30 39 23 19 13 48 49 27 38 29 14 13 50 47 34 12 41 19 35 35 44 13 29 19 23 27 34 35 12 26 41 47 30 27 39 33 41 40 46 35 35 32 30 14 41 12 20 29 50 37 15 47 17 45 48 48 44 32 25 49 17 14 21 26 43 34 34 49 27 33 48 27 21 46 28 50 19 15 50 30 22 32 47 33 27 47 47 41 31 38 50 10 31 33 12 27 10 39 44 21 19 38 34 40 36 50 21 31 
31 16 31 26 49 29 48 21 46 21 12 41 36 49 49 25 23 45 19 29 10 24 14 21 12 23 21 17 34 45 46 50 30 46 18 17 34 30 45 41 24 40 14 49 24 20 12 10 13 12 48 40 24 33 34 35 17 50 36 45 23 37 31 24 26 12 38 32 42 42 33 12 22 18 44 28 26 29 27 27 20 20 20 42 43 19 29 24 18 12 47 31 24 19 15 20 48 49 35 37 21 41 34 24 24 39 38 41 14 45 44 20 42 26 45 
21 35 40 26 24 24 25 46 23 38 12 46 17 47 25 20 42 21 15 17 28 22 41 12 46 43 30 11 41 18 13 38 39 30 31 17 13 39 35 16 43 10 40 11 22 48 27 17 50 18 34 50 12 12 24 35 33 24 20 40 39 43 31 14 35 16 12 12 32 29 19 50 16 42 11 32 43 40 18 26 13 49 38 42 38 21 16 27 18 21 48 45 39 35 27 12 41 48 14 47 40 12 15 33 44 40 49 42 40 30 13 40 15 10 28 
12 46 45 43 32 24 34 46 23 36 49 10 31 49 20 21 26 22 27 16 13 37 22 22 16 28 29 41 44 45 50 49 30 27 18 16 35 39 41 10 32 20 10 30 18 37 31 39 15 39 22 15 50 33 40 27 15 32 15 32 15 27 27 42 12 48 50 46 10 38 42 15 41 12 39 37 34 12 42 13 28 20 21 41 22 29 34 11 40 31 17 13 48 16 27 25 48 16 34 11 50 21 49 34 49 23 16 25 26 41 25 46 29 35 12 
14 32 13 19 17 11 49 37 13 43 32 23 18 26 14 50 16 12 21 27 18 11 26 17 13 45 31 46 21 25 44 37 27 42 32 50 34 24 28 33 18 20 32 21 36 19 32 45 30 28 34 14 38 20 46 47 36 38 25 38 38 11 34 24 22 48 22 20 50 47 31 26 38 37 36 29 28 17 31 29 30 10 19 24 16 39 15 46 29 45 35 45 32 35 16 11 15 42 41 33 44 36 38 25 20 41 50 47 15 50 20 20 48 49 24 
30 40 32 28 19 32 36 17 14 32 15 37 35 31 43 41 18 41 49 24 19 42 18 42 15 26 35 24 37 42 12 48 40 17 15 35 24 26 42 21 46 36 29 36 40 33 45 13 32 21 48 37 33 27 29 12 42 31 12 37 25 50 26 43 18 30 17 49 19 24 47 47 18 33 25 40 25 20 40 13 24 49 33 34 39 13 33 44 37 21 33 21 41 11 39 18 46 13 17 48 25 40 17 39 45 41 42 10 18 10 24 14 38 36 33 
34 26 37 40 23 18 36 39 29 29 32 28 12 41 19 28 27 14 29 18 48 28 25 21 43 50 43 38 38 24 12 15 45 21 48 40 15 30 11 49 29 34 14 37 48 33 35 16 10 47 22 30 22 44 17 42 19 10 10 49 44 19 23 42 28 17 50 38 42 45 46 34 15 17 26 42 33 36 24 33 24 48 41 34 49 39 17 42 23 29 10 38 49 25 30 13 34 10 17 29 24 16 28 21 24 32 44 25 34 21 32 38 38 32 28 
46 35 34 18 19 29 10 32 46 36 17 16 13 29 44 39 48 32 15 28 48 20 50 12 33 31 26 22 26 33 16 14 25 41 26 27 12 48 16 45 25 49 17 40 22 31 43 42 46 21 19 21 35 50 44 42 21 45 32 32 32 22 13 42 46 48 29 31 30 18 32 39 33 49 48 27 37 13 31 13 18 45 15 36 17 50 39 22 47 14 12 20 44 15 13 31 48 28 35 18 20 28 37 25 36 26 30 31 33 47 13 15 25 50 37 
47 23 28 26 43 17 18 48 17 40 42 47 19 10 17 34 33 25 19 47 36 49 11 17 39 48 36 46 28 19 10 27 43 50 28 27 43 23 35 40 41 34 40 36 18 30 12 31 20 47 31 22 22 19 22 10 31 27 13 20 31 37 26 40 35 21 19 45 50 42 29 14 13 16 35 27 28 19 41 19 42 24 43 43 19 16 14 42 21 15 32 31 48 28 20 14 16 25 34 14 48 12 18 24 31 21 33 16 32 24 49 29 13 35 36 
27 36 10 48 24 25 43 11 22 27 40 23 39 46 10 19 42 15 25 31 21 45 48 32 12 39 37 21 39 17 13 27 26 44 31 35 18 15 44 10 15 36 36 37 36 42 43 49 30 15 18 12 27 30 34 45 49 11 46 10 35 18 50 24 20 18 40 49 45 25 34 39 47 28 23 30 47 41 44 14 25 44 43 31 22 50 22 17 49 31 34 24 43 32 19 47 20 46 43 35 26 20 44 46 42 29 45 27 38 43 39 21 12 10 42 
20 27 28 17 11 24 45 34 30 49 44 44 21 14 13 21 44 28 37 14 34 42 13 15 48 11 27 16 26 19 31 47 22 29 34 30 17 36 22 45 27 14 34 20 18 43 45 23 24 32 39 28 11 46 40 13 11 27 10 19 34 20 34 47 26 45 45 10 46 17 15 29 18 36 36 45 13 21 10 30 26 12 11 49 35 10 26 23 23 40 24 45 32 27 27 37 27 49 11 41 13 39 19 29 21 32 25 23 44 36 47 12 29 50 24 
44 17 31 46 11 43 18 36 39 50 36 20 17 38 41 11 15 42 43 19 10 45 25 20 44 48 40 20 43 35 48 39 37 42 19 28 27 44 28 31 15 46 20 20 16 39 29 11 17 23 32 45 49 47 28 19 10 23 50 33 14 45 10 20 33 41 37 26 15 19 31 15 20 50 44 39 10 48 29 15 15 12 21 45 40 48 11 37 34 49 40 50 38 21 45 22 22 35 13 19 47 50 32 41 11 15 23 44 46 34 23 48 29 14 44 
32 49 42 49 33 24 15 44 18 29 12 31 26 40 15 16 13 27 41 43 29 16 46 34 12 18 47 50 12 27 23 29 41 47 24 16 33 27 30 12 11 48 16 36 36 43 36 45 37 39 14 23 44 12 40 32 49 14 23 21 39 44 16 33 12 26 48 35 22 30 35 50 24 14 38 19 22 14 24 50 17 43 47 41 33 44 36 10 19 31 45 12 20 11 44 38 28 17 33 31 40 41 25 46 47 38 21 27 20 37 24 23 28 13 44 
31 19 23 44 26 21 49 44 45 31 13 48 25 48 29 44 21 17 13 17 28 40 24 20 25 26 18 45 46 38 48 20 37 41 24 33 40 39 12 43 31 37 44 34 15 31 10 31 35 34 12 40 30 34 47 45 18 47 27 38 19 27 37 15 34 35 30 48 19 35 41 21 23 14 49 12 12 32 29 15 21 19 28 21 22 36 38 11 49 28 46 25 11 40 30 31 50 44 38 47 36 35 39 24 42 33 28 36 30 13 10 20 48 36 12 
24 28 24 31 26 22 50 14 41 28 46 47 14 20 24 36 22 31 26 19 18 47 36 37 31 32 43 44 24 28 23 20 50 33 17 49 34 42 40 46 10 27 49 35 46 40 24 30 44 40 28 42 47 18 23 38 27 40 39 12 40 15 27 29 16 31 39 40 22 39 31 32 13 43 20 21 37 43 18 29 37 35 45 26 29 26 23 32 12 41 47 23 19 31 19 18 14 45 21 12 32 46 18 23 28 40 19 46 49 27 22 48 39 12 17 

20 26 24 21 30 21 10 16 30 14 10 43 31 22 46 25 22 34 39 27 15 23 11 38 14 42 10 35 18 30 20 36 37 47 21 17 39 15 45 31 11 11 23 37 26 45 35 39 14 11 41 16 39 28 45 24 15 25 36 38 48 33 42 20 38 33 47 14 13 47 11 29 50 35 26 38 47 16 18 30 12 47 26 20 37 22 38 38 12 28 36 41 19 26 24 21 23 18 36 19 38 29 34 43 19 37 12 32 27 25 39 11 38 35 11 16 21 10 10 26 27 28 16 42 35 22 25 33 50 42 33 
33 33 15 27 39 16 47 30 17 23 50 18 10 41 13 33 28 11 14 48 15 34 20 27 21 17 34 48 36 34 11 34 44 45 41 19 40 15 18 43 32 47 28 35 13 46 25 13 18 50 10 18 17 41 49 49 23 49 19 30 33 46 33 37 10 42 42 15 21 49 28 31 44 46 35 14 48 39 39 50 35 25 20 15 26 13 47 28 43 27 37 11 34 39 28 32 50 44 41 10 35 36 26 15 29 16 17 33 45 27 46 43 20 18 35 44 10 24 21 19 10 49 23 46 34 33 45 37 35 13 31 
14 46 23 24 39 32 10 25 22 21 33 45 25 23 36 50 14 34 33 11 18 25 49 29 19 13 42 27 48 28 26 18 25 26 43 19 38 12 28 13 40 17 27 26 32 16 40 42 46 28 14 11 39 25 50 44 21 49 25 27 48 27 50 40 25 28 23 18 36 29 15 17 23 27 23 44 46 16 27 30 12 18 35 44 47 40 12 44 18 37 45 38 12 26 49 20 37 30 38 29 40 20 15 39 46 34 45 23 14 28 14 42 49 44 30 42 11 26 39 29 48 25 11 30 31 38 34 11 32 48 25 
26 21 12 46 18 45 31 45 49 48 35 32 24 30 50 31 45 22 27 13 42 36 25 29 21 39 47 10 36 43 29 38 30 37 35 42 10 33 36 10 26 33 16 45 47 19 43 38 27 13 14 35 47 11 20 47 26 31 14 35 23 39 43 19 31 30 36 30 30 25 12 50 22 48 41 44 22 12 27 36 37 14 22 38 37 37 48 29 41 34 25 36 50 26 37 17 35 26 18 10 27 22 30 32 27 48 31 34 21 31 16 35 38 12 16 10 11 39 10 50 48 14 28 23 15 22 47 22 37 46 12 
37 45 24 41 46 17 31 22 13 19 24 21 31 35 39 35 37 48 39 14 26 27 39 41 22 24 46 23 10 20 17 14 45 13 25 20 31 48 15 43 33 19 17 17 49 30 36 13 21 44 37 14 31 37 43 35 12 39 44 49 30 18 33 15 25 36 14 50 46 15 23 29 13 47 29 19 49 48 47 45 24 40 22 40 29 36 39 10 44 34 48 12 25 29 21 45 21 50 29 47 43 35 11 33 45 35 45 37 49 40 34 33 28 23 20 17 38 22 34 24 46 33 31 14 39 33 48 13 38 47 32 
14 26 44 36 40 24 33 11 49 36 26 41 14 45 14 42 18 50 20 42 14 44 47 43 48 35 47 15 28 20 30 19 28 48 48 35 13 17 18 47 37 31 33 22 24 29 22 47 21 27 21 16 41 34 25 15 50 16 10 18 30 37 31 28 29 23 16 16 41 28 44 11 13 16 17 23 16 44 32 21 14 41 26 26 33 12 31 50 20 48 36 21 40 38 24 32 50 42 19 26 11 24 26 37 43 34 49 50 28 43 13 14 39 35 20 32 24 40 24 10 48 32 31 36 14 17 27 30 44 20 20 
38 37 19 23 31 20 31 29 14 35 10 18 28 38 38 14 48 21 22 28 24 18 47 17 34 50 29 34 11 42 18 45 46 38 28 22 22 26 42 43 10 41 20 10 45 29 41 11 22 15 42 39 39 23 14 17 15 12 42 25 24 10 27 39 13 23 45 22 20 42 49 32 32 16 16 15 10 34 10 39 15 36 33 19 25 38 41 43 50 12 47 32 48 46 41 32 27 21 38 50 41 30 16 47 12 39 40 38 13 43 45 18 24 28 47 24 35 46 32 41 42 33 49 42 39 50 27 19 45 41 22 
37 48 27 22 11 23 27 38 25 39 47 25 20 31 28 20 32 16 39 30 10 23 45 34 28 28 40 44 19 30 46 27 27 40 34 13 18 20 21 43 23 10 13 34 48 18 39 25 19 13 18 22 28 40 15 31 37 43 30 14 50 34 19 29 24 37 31 39 17 21 44 31 47 33 24 42 14 49 26 47 29 24 29 38 44 12 34 17 15 34 44 16 25 30 44 37 15 30 33 32 19 22 36 28 22 18 27 28 48 32 37 50 15 44 30 22 48 36 32 24 20 19 19 48 10 30 25 16 48 13 47 
31 20 10 47 32 38 40 28 37 23 18 50 22 50 31 13 21 49 25 30 15 44 30 33 50 42 37 21 25 36 31 40 36 29 24 27 40 26 36 11 26 46 40 11 26 23 39 36 43 41 37 41 11 35 41 41 42 40 40 20 21 29 29 35 26 34 33 22 29 36 36 36 35 31 27 49 19 49 13 28 16 30 39 11 29 50 16 39 24 12 16 40 13 40 11 19 27 16 21 31 32 33 46 45 45 25 27 20 36 39 29 20 24 41 24 48 49 32 19 46 29 25 24 46 17 17 34 39 42 13 33 
28 36 27 50 48 14 19 24 32 23 16 20 43 46 19 45 24 18 25 36 12 36 17 30 38 18 15 48 23 19 36 19 29 11 39 22 34 35 17 22 48 39 47 21 38 25 33 16 37 23 17 45 42 21 38 44 10 21 24 48 17 35 34 10 19 43 30 46 43 40 27 27 46 22 18 34 48 23 21 18 44 21 49 44 39 21 47 47 46 15 41 10 35 49 39 42 22 24 45 29 50 29 17 31 48 19 27 16 50 26 24 10 40 17 34 19 28 23 43 23 14 12 10 26 29 44 28 43 12 46 24 
12 16 24 21 28 50 17 16 38 21 44 21 19 10 22 26 21 24 32 25 13 23 13 49 29 43 29 15 22 17 20 22 48 13 40 20 12 41 47 40 18 22 22 19 24 42 49 45 30 13 38 32 34 12 17 34 49 50 28 24 36 14 14 35 14 20 11 11 49 43 13 37 31 24 18 42 48 22 28 24 44 35 35 47 32 10 16 24 30 42 14 35 27 23 29 20 20 47 22 10 39 48 45 45 35 32 35 18 20 38 36 25 14 21 37 29 47 27 23 38 32 19 12 27 36 16 12 47 33 19 18 
12 35 20 47 32 39 30 17 14 30 27 22 41 50 49 26 10 12 43 48 49 47 22 36 33 28 28 48 18 28 40 44 14 44 37 42 41 26 41 24 28 25 11 50 24 12 42 16 15 45 12 31 17 28 47 37 14 10 27 45 36 27 19 19 11 50 39 25 46 24 42 31 33 44 27 13 19 32 34 37 10 22 29 46 19 28 12 44 17 37 47 13 40 14 43 17 20 10 39 36 18 48 17 10 33 10 27 34 37 25 47 24 24 10 46 12 43 49 24 49 41 48 23 20 42 34 28 15 43 12 46 
48 41 38 32 13 21 13 48 14 40 42 19 13 38 41 25 26 18 41 48 43 33 39 24 27 22 24 15 37 43 25 48 20 14 43 26 39 25 24 40 26 14 45 23 34 17 12 49 49 34 35 10 23 12 17 40 26 48 15 32 11 13 47 38 29 49 17 22 14 45 27 30 19 13 39 31 48 34 46 46 14 16 48 45 31 45 44 14 50 29 19 23 38 40 29 23 45 27 45 29 50 37 20 28 14 31 30 21 48 18 13 18 21 45 39 38 28 30 46 44 35 47 40 35 42 37 38 11 45 10 29 
31 44 46 30 14 34 34 22 16 45 31 20 24 32 20 10 18 40 45 33 46 34 50 44 14 36 32 14 46 23 37 13 36 47 47 40 24 18 30 36 18 35 35 43 44 26 29 13 40 25 23 42 15 33 24 22 48 43 39 37 33 10 39 24 39 50 19 21 35 25 31 35 39 36 31 28 47 44 17 15 29 19 30 28 26 30 29 38 38 45 45 41 31 48 20 19 19 49 45 34 50 39 11 15 41 19 19 16 39 41 22 46 42 30 46 36 29 29 25 49 47 31 41 17 17 24 15 19 30 41 13 
17 48 32 48 31 43 22 45 33 19 16 18 36 32 12 33 12 22 22 23 10 10 39 34 33 49 35 31 38 21 13 12 28 50 48 50 10 13 21 17 26 15 44 28 31 35 37 35 32 33 28 50 13 34 49 32 29 19 14 13 28 11 43 16 18 22 16 40 35 20 35 50 11 21 36 36 20 29 29 28 12 43 45 19 38 24 27 12 16 42 38 32 24 46 25 20 44 40 24 37 46 24 47 46 38 38 16 44 30 25 48 21 38 12 10 20 12 43 31 27 19 43 45 34 33 11 13 20 37 45 15 
29 31 44 49 44 48 27 49 49 17 42 32 28 33 37 47 49 35 16 26 37 19 20 42 22 11 34 48 14 36 34 37 47 37 20 18 11 38 39 38 33 44 34 34 37 46 46 26 28 10 16 12 23 15 41 37 30 46 10 32 31 20 11 31 17 48 25 18 15 22 13 36 36 20 35 35 38 43 13 34 23 44 42 34 47 44 34 24 44 26 35 29 38 31 40 11 10 50 44 13 32 12 20 20 25 41 49 25 39 28 15 29 42 18 12 34 27 34 30 24 43 30 34 21 49 42 27 34 13 39 29 
41 47 22 43 34 50 50 34 10 25 14 47 16 47 32 20 31 14 31 42 19 13 34 23 33 45 29 24 48 44 48 49 43 11 20 22 37 39 40 49 17 14 32 34 21 40 16 21 39 24 29 33 45 26 20 33 26 49 37 21 45 31 40 46 14 42 17 39 12 14 46 18 29 36 27 43 43 30 47 43 34 12 26 41 50 17 26 47 37 18 43 49 11 15 34 33 29 46 33 11 28 14 11 15 43 19 16 47 45 28 18 23 19 46 38 22 14 39 22 20 24 42 30 24 36 23 42 31 26 13 40 
29 50 49 48 23 30 28 24 25 40 13 23 24 37 45 27 43 33 19 44 42 21 16 34 24 25 39 16 28 50 27 19 24 11 45 18 46 15 33 11 33 49 25 11 16 14 34 11 48 38 21 50 35 43 37 32 34 34 20 17 36 34 34 49 22 37 39 14 26 38 20 50 12 16 13 23 14 34 37 16 26 32 21 46 35 46 42 20 26 16 17 30 13 29 16 18 38 50 13 31 28 34 15 28 35 39 10 25 32 46 37 27 35 28 10 10 27 44 20 15 48 27 28 33 28 21 32 16 22 21 43 
36 24 11 12 27 43 38 16 42 42 15 36 16 29 29 13 23 32 14 11 28 12 46 15 25 50 26 46 19 13 16 36 18 32 17 50 47 16 18 28 19 32 48 49 25 45 14 12 28 10 23 39 42 17 35 29 20 45 45 41 39 17 46 37 41 39 23 31 34 49 41 20 31 39 25 35 42 24 25 28 47 42 24 12 50 36 12 38 44 31 37 27 26 39 50 35 39 18 27 30 47 27 39 35 41 29 14 15 37 45 31 42 44 38 40 16 48 38 15 17 23 25 38 44 36 19 37 18 12 43 19 
12 31 27 38 34 16 42 40 37 13 31 14 11 35 31 46 28 28 32 45 14 25 46 28 19 23 17 45 32 14 33 45 41 19 39 33 13 33 16 11 50 37 29 36 41 25 34 11 46 38 50 48 23 44 42 19 18 37 45 30 21 42 38 36 17 13 34 24 34 28 26 32 50 11 44 32 35 44 26 24 39 14 33 36 36 32 43 33 36 47 10 23 34 42 45 48 43 46 32 50 10 21 29 16 20 33 23 26 41 22 12 37 38 10 39 20 34 45 33 26 34 18 35 38 20 35 36 16 19 16 27 
17 30 37 33 10 35 31 14 39 21 33 29 33 48 35 46 37 40 24 10 22 12 44 42 12 13 11 36 50 47 42 38 26 39 34 40 44 16 21 12 42 24 46 37 15 32 11 21 50 49 15 17 44 47 35 32 50 37 14 12 17 41 34 13 13 31 27 21 50 25 24 37 12 49 15 50 26 39 30 35 25 32 24 43 18 43 24 26 24 48 37 47 48 41 18 46 30 15 18 49 19 18 46 37 44 29 17 31 39 27 32 13 40 30 35 23 22 47 13 36 49 48 22 17 20 26 36 36 28 21 25 
50 50 21 21 39 37 47 37 33 26 35 33 38 30 23 44 25 12 50 28 26 40 39 12 31 20 18 30 40 34 14 19 27 44 20 47 36 32 30 12 19 43 44 25 30 33 20 25 33 14 22 42 20 31 38 13 13 11 14 28 46 15 33 32 13 18 15 45 30 45 13 25 29 50 22 12 41 15 37 33 15 45 39 48 11 26 38 46 43 47 22 23 46 24 36 24 12 26 44 28 13 11 15 35 34 37 21 47 13 10 47 33 14 42 21 15 40 41 41 48 40 38 31 13 49 39 17 14 30 29 28 
31 32 16 23 46 44 37 33 49 12 30 25 30 37 18 49 17 22 36 22 42 13 24 12 16 33 11 46 17 46 24 21 24 11 45 40 46 16 42 41 13 33 47 32 38 35 45 25 15 17 40 10 23 27 21 25 44 20 19 44 41 30 34 40 47 39 38 46 35 27 40 43 24 19 25 24 18 24 45 30 44 41 37 40 21 20 24 18 41 18 31 39 28 13 12 14 21 24 39 19 42 49 29 14 46 50 40 35 40 31 26 43 50 11 50 13 12 29 25 48 13 11 35 47 47 29 47 50 50 37 14 
23 45 48 31 32 18 14 23 20 41 31 10 17 41 12 10 48 37 23 20 31 28 14 12 45 31 16 33 37 40 12 37 26 25 36 24 29 48 46 25 14 10 44 37 20 37 19 50 38 23 15 46 11 13 13 22 35 20 41 46 30 11 31 16 29 43 24 27 47 20 26 34 34 42 44 41 20 12 46 34 45 16 20 40 47 42 42 33 30 15 40 40 38 42 23 48 31 33 23 24 24 31 47 48 42 46 26 13 33 49 48 43 19 45 22 20 13 37 20 49 26 39 17 37 50 46 24 30 33 36 48 
33 16 44 35 44 43 43 41 11 15 21 44 34 49 17 10 49 11 34 47 45 40 25 38 42 50 14 23 18 38 37 36 33 18 21 14 40 48 38 32 10 21 46 14 38 23 38 49 23 19 13 34 42 38 31 35 31 18 41 20 37 30 10 31 43 48 32 27 47 17 39 50 43 41 41 18 21 43 14 42 20 47 33 25 16 14 43 14 35 47 43 43 24 28 49 32 31 12 48 30 15 49 30 27 19 33 43 44 43 35 22 40 29 30 47 40 19 18 32 47 27 14 48 19 38 24 40 45 35 21 19 
35 22 21 19 19 36 35 21 22 23 13 13 31 45 35 50 29 30 26 23 31 38 10 24 16 35 11 11 35 23 42 41 24 15 47 12 36 16 13 31 26 20 42 31 41 27 49 35 22 47 19 19 13 21 37 50 25 18 40 13 17 42 21 13 32 33 17 22 48 38 34 38 40 36 44 15 10 28 13 23 46 25 35 27 26 45 39 10 25 45 21 37 42 30 41 12 45 29 38 26 41 40 32 21 38 23 28 43 34 37 43 35 47 28 28 49 34 32 31 30 14 20 28 41 13 28 43 40 47 28 44 
19 48 11 45 15 41 31 28 47 41 23 31 17 28 28 36 47 24 34 14 48 26 43 21 12 14 45 11 30 11 20 48 31 20 22 31 18 34 47 35 19 11 21 14 50 30 42 44 11 36 41 46 48 29 16 34 33 43 47 48 27 10 10 22 41 39 31 49 10 12 11 14 39 10 19 37 15 21 16 28 48 25 19 30 23 43 46 18 34 39 13 34 50 46 44 13 11 11 22 20 17 44 16 10 40 45 12 37 28 49 38 17 13 20 25 23 23 12 42 20 44 43 43 33 21 27 19 37 27 22 48 
16 27 20 25 11 21 29 42 13 31 23 19 10 15 11 34 31 25 43 19 49 41 29 21 43 26 13 32 25 17 47 24 37 20 10 43 47 39 38 38 46 43 14 30 39 36 44 21 25 12 42 47 37 21 36 18 20 11 10 23 16 34 29 46 22 42 26 25 22 11 10 10 11 42 18 19 33 46 32 16 20 25 23 44 11 13 38 24 20 44 12 47 39 16 21 48 33 43 38 12 36 29 31 35 33 38 15 20 25 29 30 13 48 44 15 27 20 44 40 27 11 25 42 41 28 31 47 26 33 33 43 
18 15 42 48 49 33 28 16 44 42 34 36 20 45 50 19 21 23 14 16 32 19 33 16 20 13 39 31 43 43 25 12 18 16 40 50 26 39 39 43 20 37 11 23 14 47 33 18 24 48 14 22 24 25 24 36 34 11 43 34 44 45 36 28 15 37 10 13 48 20 32 26 27 18 49 34 24 34 44 20 43 15 47 42 23 48 36 47 14 32 48 43 14 39 12 19 18 16 31 35 49 17 41 40 15 24 32 11 16 23 33 45 25 16 14 11 44 50 41 33 46 17 23 15 16 39 23 37 49 43 19 
19 12 26 18 36 30 14 22 15 16 15 37 12 41 42 25 36 41 13 29 25 45 11 34 26 15 47 39 27 28 31 12 25 13 30 13 23 12 39 39 34 20 38 46 11 35 24 30 15 30 15 39 33 32 37 36 34 31 33 30 17 48 35 48 22 40 48 14 20 44 27 15 33 31 26 38 41 15 10 38 37 47 46 26 27 41 40 20 23 40 29 19 39 46 34 39 12 30 21 34 23 21 49 18 22 32 37 10 22 11 34 38 41 12 20 48 49 46 46 33 30 27 32 10 50 44 33 27 25 24 34 
36 43 21 43 39 17 28 21 40 18 10 46 21 16 38 47 50 50 42 31 23 19 46 25 48 42 21 11 49 36 43 16 34 33 50 44 34 24 41 37 32 31 39 16 23 25 15 31 12 44 48 36 47 38 13 27 41 47 24 50 44 36 31 49 12 32 11 38 34 39 26 24 41 39 32 34 17 25 32 33 31 17 39 29 40 21 16 35 35 49 29 16 40 44 25 18 21 10 25 39 27 28 32 15 49 20 43 43 47 31 40 16 38 49 38 33 24 23 24 10 22 10 32 50 39 39 30 18 14 20 20 
46 11 33 48 24 43 21 27 30 38 35 49 14 49 30 36 32 26 34 11 44 18 15 39 17 47 25 24 11 37 32 48 40 46 16 37 50 50 49 32 27 34 10 13 19 45 42 25 29 32 44 38 17 23 32 20 13 24 41 42 24 19 44 22 30 22 12 18 36 39 30 28 41 40 13 19 31 15 23 36 38 39 35 49 25 24 34 31 13 21 38 45 22 44 36 44 27 21 32 20 24 20 28 15 31 43 39 13 25 20 42 24 48 39 18 45 42 42 25 11 27 16 47 50 22 10 22 10 35 15 17 
46 41 19 23 50 40 43 39 48 42 42 13 14 47 42 48 10 35 16 12 35 32 44 26 20 42 26 17 47 48 24 16 21 18 28 47 21 41 12 18 20 43 39 38 45 15 14 45 31 18 50 31 33 22 22 19 41 13 14 18 36 31 42 15 41 35 36 46 37 25 13 28 35 21 32 12 50 22 25 43 14 36 34 25 49 46 11 22 16 26 50 35 15 29 35 41 23 20 11 12 25 23 44 39 40 15 29 16 20 40 18 12 35 37 12 34 37 46 46 14 43 12 21 32 46 47 46 39 12 33 44 
15 43 18 10 16 11 30 31 12 13 24 41 43 10 28 13 48 33 14 17 18 11 18 30 12 14 33 13 47 16 15 38 37 39 12 33 48 16 40 45 27 17 26 14 22 43 33 20 24 18 17 50 45 31 13 36 10 19 42 50 37 49 19 28 46 24 17 49 50 50 14 18 43 24 43 50 25 43 49 47 25 11 28 18 35 42 47 27 18 33 28 42 23 44 36 40 50 39 41 43 13 20 46 24 31 46 41 37 30 16 25 26 37 40 17 22 22 23 48 48 22 14 21 26 30 40 32 25 12 10 25 
30 24 30 14 43 30 21 13 13 38 13 16 14 41 33 39 45 24 16 42 14 35 19 19 24 45 39 12 41 50 16 37 35 19 27 37 27 41 43 15 14 47 16 33 47 33 49 37 37 42 25 34 21 30 23 13 34 23 50 25 40 10 45 16 37 42 27 18 39 18 38 38 40 38 15 17 38 22 19 47 21 45 39 35 42 34 21 19 35 29 38 11 18 12 48 11 12 17 13 38 50 46 33 28 45 45 41 19 45 12 16 31 41 32 19 18 18 46 49 23 37 14 42 16 42 14 27 39 26 37 37 
41 12 21 10 24 47 12 28 46 25 28 17 10 45 37 33 24 39 47 29 50 37 12 28 35 42 31 28 10 22 12 18 12 15 40 17 20 22 23 11 22 49 24 42 45 38 16 48 32 16 48 30 39 23 13 42 12 36 19 50 35 15 35 27 31 36 10 37 25 38 41 33 48 14 31 43 48 19 47 23 25 18 14 27 44 46 33 35 22 12 49 28 17 46 15 50 47 34 35 37 30 44 47 33 32 34 11 10 29 32 21 10 26 24 30 23 28 12 14 39 43 11 21 12 27 26 23 41 37 22 15 
25 35 49 13 20 25 35 50 14 30 27 38 39 50 46 45 37 36 17 35 23 39 30 43 42 18 41 35 28 36 38 22 44 31 16 47 33 14 32 50 34 40 29 21 44 27 24 28 35 37 44 42 14 20 20 21 17 37 48 11 21 24 39 23 20 24 13 41 19 22 22 36 41 27 24 48 21 15 35 23 34 42 35 47 44 16 45 19 35 32 27 23 20 37 50 36 26 26 30 21 45 39 43 15 30 42 36 27 44 43 37 20 49 16 36 10 36 47 48 46 24 45 47 47 27 19 18 37 47 22 12 
36 31 11 47 16 13 45 46 31 39 18 18 39 41 37 23 18 38 13 22 26 16 50 40 17 32 42 34 44 23 19 48 32 22 22 18 18 13 14 12 26 14 43 39 20 33 16 29 12 33 19 44 24 15 40 18 43 30 22 24 36 27 24 32 30 32 30 25 25 11 48 19 18 46 27 44 13 37 16 39 23 11 41 43 49 18 15 45 26 11 41 14 32 21 12 20 36 29 23 26 44 43 30 11 20 49 48 50 28 48 35 32 20 32 12 44 11 40 18 15 14 24 37 16 16 48 29 42 12 47 47 
44 10 33 23 36 34 21 38 11 43 35 34 46 19 12 17 35 16 13 40 14 31 23 20 41 27 38 37 10 24 28 18 19 40 11 12 25 21 44 44 25 41 26 42 29 42 46 12 19 36 47 17 34 34 11 14 40 50 37 17 23 21 31 36 21 31 42 40 35 10 26 36 33 42 14 49 43 11 27 41 16 12 32 14 32 22 21 49 47 49 40 22 43 11 21 23 39 26 11 10 41 33 40 19 14 25 34 32 24 48 27 16 27 37 11 31 12 35 14 32 25 23 21 28 27 27 22 45 11 37 33 
27 35 47 10 28 19 10 42 40 18 17 50 41 31 50 32 14 15 44 16 47 47 50 42 38 35 48 49 13 42 30 46 10 34 45 46 37 11 27 29 15 32 34 47 11 16 19 19 48 13 15 39 49 34 16 33 21 19 33 11 46 32 15 43 39 45 38 26 29 46 42 47 48 27 34 47 27 20 50 40 16 22 27 28 46 49 46 32 34 20 21 26 28 50 25 37 24 24 42 15 28 11 47 16 35 28 21 26 21 48 26 35 46 40 20 28 39 33 16 43 50 34 44 19 10 36 21 29 37 27 48 
27 16 14 45 45 42 13 50 15 39 38 24 31 47 40 30 25 32 42 46 29 11 36 30 29 11 30 30 34 39 23 49 50 42 33 44 50 48 13 50 46 45 50 46 48 14 20 47 35 41 33 45 18 36 28 30 14 44 34 16 14 14 33 25 29 47 15 50 44 14 42 47 28 48 49 48 17 49 46 38 19 13 22 48 18 17 22 36 20 29 25 24 37 33 30 44 48 10 25 23 33 35 29 42 34 41 31 45 47 19 47 33 48 36 22 17 46 37 18 16 11 45 38 27 31 34 28 44 41 33 29 
13 32 19 38 34 18 36 35 12 43 24 11 39 13 32 14 34 22 12 25 27 22 24 42 22 34 41 14 50 35 46 24 42 17 27 18 43 40 10 44 48 35 41 46 48 25 39 17 31 39 29 33 40 48 42 40 31 49 49 43 12 11 12 32 45 25 15 13 42 35 25 22 40 45 33 38 49 21 46 26 15 11 30 21 40 39 11 29 12 42 12 31 39 37 39 26 40 49 17 10 17 11 10 45 16 31 35 23 14 10 20 24 19 40 24 42 35 20 16 45 50 30 12 37 16 11 31 50 26 21 30 
32 25 32 40 15 30 27 10 14 41 42 47 26 38 42 34 15 42 24 31 10 24 17 39 29 22 27 20 20 47 50 38 18 33 45 28 22 43 34 37 49 14 16 27 34 50 21 27 20 23 31 36 46 13 49 50 36 29 36 10 26 23 12 26 12 12 33 43 18 44 50 17 49 40 19 11 39 44 18 34 17 49 11 22 34 24 33 39 34 44 43 48 28 25 47 32 50 42 49 17 24 36 11 33 13 14 16 39 32 50 12 45 37 35 13 46 43 21 22 46 23 45 26 25 40 41 48 50 20 32 14 
24 46 18 11 16 49 42 16 48 14 27 47 25 15 15 26 31 20 27 41 47 32 30 38 37 32 27 30 50 27 24 31 47 23 49 24 37 41 39 49 23 32 27 10 40 48 47 38 17 49 36 40 13 28 23 32 50 39 20 42 42 39 36 38 25 30 36 36 30 25 40 40 34 40 20 43 44 27 12 34 11 19 27 13 16 42 22 28 21 46 47 20 32 21 13 23 11 26 11 22 40 14 29 31 33 15 13 17 18 43 29 41 19 45 37 34 12 17 12 24 13 33 20 47 32 20 18 32 24 12 24 
30 40 16 35 46 35 20 17 22 11 38 17 15 45 47 25 34 10 20 29 17 46 33 20 42 11 22 38 16 12 38 11 25 35 37 11 37 44 13 15 47 28 15 28 30 45 23 23 49 41 11 21 35 24 31 32 22 40 21 44 44 17 37 38 50 17 16 19 14 39 17 13 41 46 47 48 18 22 45 43 32 37 35 37 42 21 15 37 31 25 34 41 40 49 36 47 43 27 32 45 47 21 19 43 20 30 43 36 27 37 44 44 15 10 28 36 43 17 43 25 14 32 45 33 28 36 12 41 41 23 48 
44 24 39 21 23 19 12 24 43 43 30 15 10 28 23 19 27 47 48 23 49 26 48 41 26 25 37 26 39 38 42 14 46 28 17 32 31 46 38 13 50 39 49 30 38 46 11 25 19 11 47 20 15 22 22 26 25 39 23 17 41 11 29 44 17 32 39 12 46 13 49 25 26 32 15 39 30 37 50 25 46 50 15 14 39 43 47 26 44 43 10 10 15 43 35 25 31 18 49 25 12 30 41 25 32 12 41 41 12 11 28 26 19 19 27 39 23 50 47 24 35 50 11 33 27 12 10 48 27 16 47 
49 12 14 35 19 40 28 39 26 13 42 22 42 36 16 12 39 14 27 22 26 22 10 49 19 27 45 16 17 10 27 50 49 12 12 19 48 17 33 21 20 24 25 49 29 17 17 48 39 20 17 12 38 46 39 25 39 30 34 12 12 18 13 36 11 43 47 13 24 46 16 21 29 50 37 18 20 28 39 40 49 12 18 32 48 46 43 19 19 48 47 43 32 30 15 38 45 11 14 30 19 12 36 30 50 10 23 42 25 40 29 24 37 21 22 15 28 24 50 38 24 26 34 49 25 13 19 23 18 28 17 
39 43 36 15 19 22 25 41 49 32 11 27 28 26 32 41 27 46 22 44 19 34 19 29 31 25 25 24 39 24 24 12 37 29 48 40 48 28 16 31 18 40 32 14 19 42 15 43 39 13 16 18 48 12 38 35 19 16 50 10 38 45 29 24 31 49 42 29 10 45 18 18 19 44 13 43 32 21 43 26 45 50 41 25 30 44 29 50 12 29 16 48 50 27 37 11 25 45 15 26 36 29 31 25 18 31 39 24 39 21 37 28 23 16 50 12 13 39 35 25 41 12 23 43 45 19 49 34 39 39 32 
33 40 32 37 29 31 39 31 12 30 35 41 47 50 18 18 15 35 25 50 17 33 27 44 18 39 50 41 45 19 18 28 22 26 24 46 48 35 16 46 40 30 45 23 27 45 29 38 36 14 17 42 50 27 18 19 11 35 15 38 18 44 16 24 32 48 47 28 20 27 39 17 31 34 43 42 23 22 35 24 50 48 43 12 45 24 45 12 40 17 19 44 15 13 47 37 46 24 37 28 37 10 50 48 28 41 37 50 16 33 37 49 36 36 45 31 43 16 17 31 31 35 31 46 32 34 26 29 12 40 47 
44 43 42 17 23 36 24 32 41 33 43 43 43 36 32 32 20 31 35 20 49 21 31 13 34 37 40 25 45 12 32 48 14 38 19 45 23 40 45 19 43 25 40 33 23 40 15 18 35 29 49 28 10 38 14 15 14 31 34 46 25 15 27 14 38 20 43 24 12 10 30 40 15 28 46 35 45 34 36 37 12 38 35 32 34 38 29 46 25 35 10 10 25 31 23 18 33 35 17 11 40 43 23 13 33 15 17 18 40 18 44 43 49 23 15 44 29 27 22 47 42 34 19 43 28 11 18 47 15 39 21 
22 41 46 21 24 19 34 43 34 31 42 35 43 16 21 35 15 39 37 39 23 36 14 11 42 40 42 43 48 48 11 40 32 21 10 32 48 35 37 40 43 49 22 30 48 50 28 31 18 39 32 23 35 29 21 50 14 19 46 22 26 24 14 36 18 38 13 33 32 44 15 22 23 36 48 34 27 39 30 18 41 37 16 19 29 13 47 36 31 31 44 14 17 18 34 36 22 50 29 37 18 18 29 43 32 42 19 31 23 37 23 28 22 46 26 35 35 28 34 42 32 34 22 30 25 36 34 12 49 47 22 
27 48 28 46 34 46 25 27 22 36 27 23 22 15 49 27 43 14 44 50 40 37 45 14 36 37 12 14 10 17 37 46 13 32 41 34 20 41 44 45 12 32 10 11 27 16 46 42 35 15 32 24 50 46 20 20 48 31 33 42 38 41 29 10 40 26 39 10 21 40 42 35 25 47 47 35 48 16 29 38 16 47 34 34 14 35 25 27 45 49 48 49 10 45 34 25 25 28 29 42 22 41 43 40 21 28 20 50 15 41 19 39 35 46 43 18 31 50 29 20 35 30 12 37 45 20 31 17 23 46 24 
38 29 26 14 11 47 23 50 20 33 23 44 37 28 50 36 23 31 36 18 15 40 33 10 39 33 11 37 23 43 39 26 16 33 12 17 13 28 13 28 14 13 41 22 41 27 49 44 37 16 21 27 32 10 25 13 13 16 48 28 30 33 29 43 33 26 25 30 30 14 25 47 23 21 38 16 38 45 30 22 42 30 10 44 41 44 39 39 40 49 48 37 15 10 40 18 10 31 20 10 36 38 37 15 27 27 48 34 39 39 14 47 20 43 13 26 33 39 40 43 38 34 21 29 19 42 13 37 42 30 10 
10 20 16 47 48 15 14 38 11 21 39 22 27 41 43 16 37 16 22 20 20 16 31 35 16 28 39 50 46 10 47 43 21 20 22 48 11 12 33 46 31 17 13 18 26 10 10 40 21 39 19 40 35 27 22 44 39 17 18 45 16 32 14 24 50 22 12 18 45 14 16 24 31 18 41 40 35 19 37 30 25 41 47 32 25 13 47 45 30 43 15 34 19 34 22 42 39 37 49 16 46 15 19 38 41 29 50 38 33 40 40 48 14 30 35 47 28 29 16 34 24 40 13 50 31 12 21 17 49 27 49 
12 40 20 22 43 29 35 42 49 17 15 25 26 34 28 39 18 18 45 20 11 13 12 33 34 17 43 37 47 33 12 27 11 23 12 14 40 34 34 26 17 20 38 48 13 15 30 14 20 50 16 46 25 43 15 35 45 38 38 27 24 45 38 41 47 37 13 47 22 17 29 42 38 48 35 46 49 35 25 11 35 27 12 24 23 11 23 37 25 17 15 47 19 35 32 24 39 41 15 37 10 14 44 31 27 29 28 17 48 22 16 42 31 34 17 37 24 19 10 13 49 47 46 16 23 46 10 24 46 38 30 
42 19 23 15 25 40 50 37 46 42 39 45 26 15 12 50 21 12 11 32 36 47 46 20 40 38 42 32 34 10 38 34 35 39 11 12 26 29 22 40 48 11 34 24 27 28 19 11 14 47 14 23 15 44 36 27 23 48 26 13 18 18 41 19 25 22 20 28 17 40 26 34 36 21 46 48 48 26 48 27 40 26 49 49 28 40 20 50 26 18 25 20 37 49 50 36 46 37 47 42 28 41 17 47 16 41 39 24 15 45 48 38 49 34 34 27 39 14 20 31 17 19 32 19 36 36 37 42 42 26 41 
41 24 27 12 15 23 16 41 15 43 26 19 15 12 19 33 29 17 11 40 47 42 21 31 45 29 43 19 23 44 36 27 24 49 30 27 31 15 37 29 18 33 44 33 46 20 20 28 24 18 42 31 22 34 11 16 26 21 25 27 36 36 35 13 14 26 35 31 49 32 34 38 26 50 30 28 50 40 19 26 23 50 12 36 41 22 12 15 19 17 11 31 22 17 41 38 20 43 40 42 33 32 26 17 13 44 10 42 30 12 42 39 27 16 45 15 41 40 29 41 44 29 38 29 22 45 21 27 12 22 45 
44 37 46 41 27 12 17 11 21 44 50 42 14 42 13 40 25 25 24 18 43 46 32 44 30 43 32 24 31 31 30 41 40 36 24 20 35 44 46 37 30 47 41 22 47 40 35 44 26 15 38 39 17 49 43 20 40 36 11 27 29 32 50 31 21 24 31 22 37 48 46 24 40 22 32 26 43 32 18 27 11 22 36 12 38 20 22 34 39 24 20 22 25 42 27 40 50 31 13 17 46 21 41 38 28 28 10 13 23 26 19 31 17 34 45 41 23 36 10 14 39 32 25 49 37 10 42 13 39 22 49 
31 48 41 33 24 37 22 13 35 27 22 48 12 47 19 20 26 43 23 14 44 17 11 37 49 20 29 29 40 46 28 40 21 44 20 32 30 42 15 20 23 26 22 35 18 15 30 45 15 35 47 20 29 26 46 37 45 15 38 21 13 43 47 45 33 37 14 36 25 32 39 44 49 43 31 28 33 31 43 16 33 28 26 38 39 23 41 36 22 48 40 31 11 31 14 34 17 48 37 48 44 18 45 19 12 13 22 10 36 50 10 44 48 44 29 13 33 36 36 27 15 41 39 45 50 28 44 30 35 34 41 
48 33 19 19 21 17 50 26 48 47 32 44 10 24 33 42 29 17 40 45 48 17 25 48 40 11 44 35 31 25 33 16 42 45 44 43 26 19 49 49 29 24 33 39 25 40 46 34 20 26 24 20 45 38 10 33 34 39 11 27 18 20 31 26 47 13 44 19 45 27 18 27 43 47 30 31 38 42 21 50 41 43 10 35 21 37 48 28 39 30 47 38 48 37 14 26 11 15 22 32 34 20 29 26 16 28 27 32 16 50 24 36 48 28 32 30 50 13 32 14 28 42 26 42 18 23 22 12 38 43 37 
31 42 13 35 30 12 11 19 29 27 43 36 45 40 17 40 26 31 23 17 41 10 45 46 28 31 12 36 13 33 34 34 14 44 20 47 20 18 31 13 26 41 34 36 48 35 44 32 15 45 28 22 46 43 44 39 40 25 30 12 19 31 11 45 28 25 25 47 15 31 39 14 34 35 36 34 17 17 17 19 23 16 13 25 38 42 13 26 11 18 23 22 45 46 20 43 23 47 43 45 35 20 12 12 43 41 35 33 38 25 25 46 32 25 46 18 31 15 34 10 20 47 25 35 25 26 42 32 35 37 24 
41 30 22 48 23 18 20 23 50 50 20 50 32 22 36 34 15 42 22 29 26 17 42 18 10 17 26 34 10 29 48 48 50 48 40 25 20 38 11 20 35 20 41 34 22 27 33 50 49 42 37 17 45 22 28 27 31 15 14 16 33 27 29 33 13 45 14 12 21 19 42 48 43 30 41 34 47 33 40 50 27 22 23 22 17 27 26 14 21 48 27 45 37 15 28 49 14 11 50 50 10 17 31 24 14 50 20 13 34 48 11 30 40 24 37 10 43 37 25 33 32 16 13 36 37 42 27 27 11 50 43 
12 45 24 34 28 37 21 26 42 18 32 14 21 42 50 29 26 22 19 14 40 42 14 35 30 22 45 13 18 49 46 10 39 26 11 37 44 37 17 42 21 35 24 50 30 13 26 40 48 13 31 40 40 42 38 18 28 34 47 42 35 36 26 32 34 35 38 17 12 31 23 50 31 41 46 33 40 10 37 19 31 28 50 50 25 30 31 12 50 28 12 37 39 35 46 27 17 21 29 15 42 18 19 19 42 10 16 50 23 37 16 39 40 14 31 11 50 45 15 29 14 21 42 31 29 23 19 46 31 36 39 
37 18 34 32 26 38 34 19 46 47 48 24 26 38 33 39 26 40 43 22 36 35 44 23 42 35 44 34 31 14 13 28 12 41 48 45 23 24 13 26 32 35 27 23 44 17 21 28 42 40 21 34 22 40 37 47 35 40 11 32 46 18 20 32 45 48 27 29 24 19 46 26 12 32 20 34 16 13 11 39 31 41 10 27 46 18 22 41 38 19 36 41 20 41 44 27 31 15 23 10 23 31 23 22 20 40 31 37 19 48 41 22 44 10 47 44 47 16 15 25 39 48 22 18 47 34 19 26 40 19 38 
49 44 18 48 33 33 38 17 37 15 22 34 50 10 13 40 42 22 16 19 22 32 44 31 31 47 16 11 14 40 41 33 41 32 39 21 26 50 20 49 26 33 31 34 40 30 28 33 10 37 42 16 13 11 37 15 42 14 11 22 13 20 26 29 49 13 18 15 37 39 15 38 29 11 46 37 42 32 38 40 16 19 33 26 38 28 48 17 26 21 50 33 39 13 35 14 40 34 31 30 34 11 45 17 25 49 37 18 23 36 40 45 41 43 32 46 45 14 22 14 50 25 20 46 46 13 48 41 26 50 46 
41 24 34 48 46 18 20 43 19 36 27 28 26 35 10 40 44 12 10 48 41 34 25 12 11 16 12 25 49 47 28 43 25 14 30 45 24 29 37 46 43 48 36 48 46 28 17 35 28 31 25 41 26 13 28 12 10 32 40 35 36 32 22 29 32 15 29 14 13 13 28 45 26 13 21 46 28 37 36 45 32 29 17 19 49 13 35 26 49 41 20 30 29 44 43 47 43 36 40 15 48 38 18 38 10 32 28 26 22 41 32 19 50 32 49 13 10 23 23 23 34 28 49 15 17 22 22 39 12 37 23 
17 29 18 50 34 42 24 43 41 50 15 24 20 18 16 44 16 11 29 43 32 16 45 15 28 31 19 30 44 43 23 37 30 29 17 45 40 48 34 21 14 43 32 34 40 25 30 50 39 27 38 46 17 35 36 31 11 41 25 44 44 42 20 45 47 37 29 45 15 49 17 14 47 10 15 32 19 11 25 11 23 35 24 34 33 30 30 47 25 42 28 13 43 22 30 26 43 25 45 14 17 26 29 11 17 35 48 26 46 35 24 39 34 42 21 20 16 11 45 18 17 21 49 24 28 14 29 29 33 20 33 
14 43 41 40 18 37 30 17 33 35 19 25 10 36 44 27 40 39 37 23 27 50 46 14 18 17 37 39 26 17 10 42 49 13 37 24 36 23 31 49 17 30 35 38 10 25 43 36 31 11 36 26 26 29 46 36 35 20 46 27 47 45 15 23 49 38 20 36 44 14 24 37 25 44 31 14 21 15 15 35 14 14 23 47 38 48 43 32 12 37 41 19 48 37 50 44 41 47 47 29 27 24 40 29 20 48 17 25 10 19 22 31 45 18 12 22 42 10 21 42 26 44 37 48 21 17 23 11 10 11 43 
23 42 12 38 43 36 25 36 15 12 47 50 21 25 20 28 17 30 29 44 43 18 19 46 41 22 33 10 35 13 24 24 30 10 19 26 32 34 29 28 10 45 10 16 19 40 44 19 21 42 28 34 10 28 18 50 39 17 36 45 49 24 40 19 44 17 27 42 41 44 41 29 24 27 14 27 45 21 49 13 46 37 25 28 20 21 17 38 20 20 50 22 27 35 14 29 33 13 13 23 21 14 36 39 37 17 30 47 43 14 10 12 15 16 16 27 24 19 34 15 39 38 10 22 50 29 44 20 26 38 24 
38 19 50 38 47 15 14 48 28 33 14 29 11 15 28 33 27 41 49 39 27 45 41 28 47 18 33 21 39 13 41 12 31 41 35 30 11 29 23 41 45 43 30 12 47 27 38 22 25 40 38 18 45 25 10 23 17 15 46 20 35 26 50 20 39 32 24 19 40 40 12 16 18 24 24 38 12 42 14 19 16 16 10 46 44 16 16 27 44 15 17 19 23 23 33 24 41 11 24 35 48 43 15 31 40 49 22 18 42 36 18 25 45 26 34 43 42 43 27 24 45 28 20 26 38 10 48 47 27 17 32 
49 32 16 42 25 38 15 13 16 26 11 37 37 35 31 21 17 27 21 32 25 35 47 24 35 13 47 21 17 43 10 23 15 34 48 11 14 14 41 20 32 17 45 28 38 32 24 20 37 44 17 41 40 38 40 30 50 38 35 30 44 41 23 45 36 36 40 24 14 44 26 36 35 26 25 24 15 14 46 44 24 40 27 18 29 11 39 33 30 40 14 46 41 37 35 44 17 13 32 16 49 19 16 46 22 23 25 49 44 19 41 29 17 29 27 26 25 11 19 18 37 31 44 29 25 23 22 12 23 32 49 
42 31 43 11 14 30 39 26 25 26 38 27 42 44 19 29 36 18 45 16 33 17 11 40 15 40 43 12 23 44 24 22 42 44 17 44 39 46 10 38 10 32 34 17 46 35 38 41 14 30 43 23 22 26 17 33 31 30 35 10 24 19 50 12 30 20 18 11 42 47 36 18 28 16 39 26 23 33 22 27 45 27 43 34 39 43 17 36 40 45 45 31 48 15 25 11 49 40 22 16 28 15 31 45 21 41 48 22 17 28 12 42 37 27 13 45 26 27 35 50 12 19 38 48 43 42 27 12 19 46 48 
48 23 20 43 42 44 42 27 41 17 19 31 33 35 23 50 23 33 25 15 31 21 10 34 24 20 26 38 29 40 18 29 49 34 15 29 37 34 44 14 16 28 13 37 16 33 45 48 20 42 37 30 33 27 41 38 30 25 13 24 24 45 43 33 42 14 20 11 34 46 32 13 42 13 34 17 23 10 40 11 12 36 17 44 10 31 48 46 49 14 20 28 24 29 48 17 43 38 18 45 47 32 27 48 28 34 21 27 46 35 40 50 43 46 17 14 13 37 45 45 34 42 21 18 16 41 45 42 49 16 48 
28 17 38 38 21 27 39 36 31 48 39 18 24 12 40 30 31 43 37 21 42 19 18 31 41 45 19 25 12 47 33 12 38 29 40 48 45 25 28 23 13 25 40 39 16 32 43 21 23 31 45 23 41 37 29 13 47 38 46 50 37 49 12 50 30 15 35 47 37 17 18 49 40 42 32 41 13 47 30 49 14 40 32 16 24 27 32 23 20 45 17 30 34 37 10 41 15 34 17 22 12 30 18 49 47 49 26 46 18 14 16 47 25 33 21 23 43 38 23 23 19 27 46 13 15 17 23 40 26 42 47 
48 22 45 45 31 49 21 23 49 16 38 49 41 16 21 11 49 24 50 39 43 26 13 28 30 38 14 24 40 44 16 19 18 23 17 26 25 49 13 28 12 37 24 12 13 25 49 33 22 26 12 22 27 21 15 38 20 40 46 26 35 16 21 10 50 35 22 35 41 50 28 45 43 23 20 25 13 24 50 26 37 14 49 29 45 33 45 35 35 11 21 27 28 17 26 13 17 43 47 46 24 41 28 24 18 32 46 33 16 35 39 34 31 38 28 45 31 43 21 22 28 14 17 29 30 27 36 10 15 20 22 
18 30 35 25 10 36 16 10 47 10 31 33 41 39 30 49 42 30 39 22 39 27 24 35 13 20 49 41 43 41 17 42 13 25 40 42 27 47 28 44 22 18 28 31 22 15 35 43 25 17 17 11 40 13 11 33 16 23 41 25 30 39 29 15 33 20 39 43 12 19 28 20 22 10 14 20 37 17 10 18 50 26 26 16 19 17 11 49 35 19 25 43 19 15 27 41 32 45 10 39 17 17 25 37 29 28 30 21 21 28 16 18 30 46 34 30 39 47 17 38 46 45 35 48 38 22 40 34 34 25 46 
12 48 39 45 32 20 48 28 17 32 26 31 40 15 32 10 35 47 27 17 34 38 19 37 23 33 25 12 14 32 34 11 47 46 37 37 34 23 19 32 19 29 47 46 26 19 40 17 17 36 35 20 44 49 11 39 17 25 38 42 39 30 38 17 47 28 49 42 39 11 38 42 24 20 28 31 48 22 37 23 25 18 16 45 23 14 26 22 48 32 21 18 18 32 28 11 29 15 10 49 48 14 24 13 24 29 28 48 25 41 26 10 46 26 23 43 36 17 12 11 43 16 24 24 23 24 41 40 23 40 42 
19 33 20 32 28 24 39 43 20 39 47 38 13 27 26 25 28 11 44 43 15 27 37 22 48 32 49 26 11 13 25 19 43 13 15 34 39 36 34 35 23 25 42 46 42 43 37 30 50 16 49 15 42 42 10 26 35 26 40 12 47 38 13 33 27 21 40 10 40 47 31 27 31 12 14 49 14 37 22 14 47 39 26 43 43 25 27 41 34 37 22 32 22 14 32 22 22 13 27 48 45 30 23 13 25 36 50 46 37 10 20 35 35 41 35 31 39 27 37 13 11 12 30 10 25 36 19 31 49 21 42 
24 13 17 40 13 33 11 29 25 46 47 13 44 20 31 39 48 20 42 19 22 45 42 38 15 36 33 43 42 12 28 46 33 40 15 20 15 33 31 36 30 10 27 43 10 17 20 34 39 43 11 14 18 19 26 13 50 50 49 35 31 40 24 24 48 14 23 26 44 26 32 13 14 27 50 11 24 23 46 10 21 46 42 20 23 36 13 19 17 21 31 44 13 40 33 13 29 25 38 40 17 12 36 45 45 30 19 29 12 38 23 48 16 34 41 47 33 45 50 19 42 15 36 25 46 17 15 49 20 12 48 
13 31 42 34 36 21 18 11 39 36 49 16 37 23 31 47 38 37 39 37 20 37 34 46 50 15 17 24 28 36 14 35 26 21 35 37 29 18 27 39 26 23 11 11 32 10 43 48 28 34 13 34 20 29 21 44 13 45 37 15 13 15 24 29 33 28 41 21 32 18 22 12 13 19 20 46 32 48 24 20 26 39 48 23 21 43 20 20 44 32 38 29 49 15 20 29 38 26 19 10 45 44 12 29 20 18 30 41 15 28 20 20 22 41 50 33 11 35 46 31 45 49 24 18 37 42 16 42 27 15 10 
16 44 17 47 28 42 27 22 35 47 39 45 37 33 45 10 50 24 19 44 49 13 25 39 45 28 14 41 20 32 27 46 50 46 14 50 31 49 37 26 45 31 49 41 45 10 25 43 15 24 33 48 48 40 32 46 41 41 20 26 48 45 10 46 26 13 43 13 17 13 27 41 37 42 10 38 33 20 23 12 40 47 20 25 26 17 39 49 40 11 23 17 45 23 27 15 49 18 48 22 11 10 49 47 29 30 19 32 31 19 20 43 24 10 26 31 32 46 25 30 32 42 32 24 28 13 45 12 42 37 26 
17 38 42 37 43 46 31 12 34 32 26 29 22 18 33 15 19 42 27 42 28 48 20 44 31 19 22 20 34 23 23 15 16 16 46 15 22 30 31 20 31 50 31 14 10 21 28 14 18 18 21 39 10 23 25 40 32 38 20 20 45 18 31 18 12 11 33 34 49 33 20 38 39 36 43 36 40 41 44 17 18 40 30 16 15 14 16 18 44 39 26 14 11 10 32 28 19 44 43 45 21 26 42 17 15 14 17 32 17 10 41 32 35 49 15 35 47 24 21 39 35 47 40 22 24 42 47 16 24 45 36 
29 27 35 50 48 43 33 22 33 39 45 31 46 50 49 20 37 10 11 23 47 37 13 42 17 22 26 43 39 12 26 19 24 43 45 40 19 15 40 45 40 37 20 32 39 36 13 35 34 44 37 20 46 43 39 24 44 27 26 43 39 49 21 31 29 19 46 23 43 32 22 30 20 32 47 20 30 34 28 36 32 39 44 34 49 40 47 13 38 12 48 30 25 48 49 37 31 45 50 37 30 37 44 44 47 12 20 15 25 12 22 19 11 23 40 12 48 32 22 24 15 27 36 34 21 40 23 44 49 30 18 
40 12 46 48 40 49 24 39 45 37 28 15 32 37 10 14 14 41 16 15 40 40 46 13 45 16 15 36 40 46 25 10 26 19 25 12 39 14 36 17 18 34 28 21 50 24 34 26 31 31 39 14 41 26 20 30 48 36 27 38 23 45 33 20 29 46 31 16 34 11 45 32 14 15 47 33 32 36 47 43 19 36 47 27 46 31 32 11 11 20 16 21 32 33 15 11 12 26 38 17 16 35 32 50 10 40 16 19 39 37 13 26 41 36 10 22 39 29 48 45 42 27 49 29 26 35 39 34 24 16 14 
28 12 12 24 35 22 21 49 27 19 17 38 38 14 37 13 49 11 46 14 15 42 45 28 39 32 45 35 33 46 25 13 38 32 28 18 37 40 23 23 18 22 31 47 44 23 31 41 38 34 15 48 29 10 19 23 11 44 30 30 10 14 22 17 38 47 10 27 20 48 46 47 12 39 47 36 20 35 45 27 49 43 30 39 13 47 12 42 24 41 48 22 18 14 45 48 46 24 11 20 12 11 25 12 49 46 45 12 34 19 42 18 21 26 27 24 46 50 30 23 33 20 14 39 49 14 19 20 26 48 28 
16 50 43 18 14 15 38 40 42 40 36 12 19 22 23 11 14 46 25 42 33 18 12 40 32 26 28 18 13 47 46 18 41 40 37 38 16 24 37 42 10 12 26 41 43 45 42 50 18 32 41 48 44 22 50 20 36 48 15 47 14 18 10 28 38 20 23 19 48 22 10 27 20 44 18 42 10 12 49 50 21 22 31 38 25 14 13 30 46 28 18 49 48 15 15 21 25 24 10 41 50 29 19 41 10 29 47 49 15 30 27 11 18 22 14 49 17 31 31 47 37 40 30 24 28 14 26 21 31 36 24 
17 40 24 46 22 49 33 31 24 30 43 32 15 29 48 42 49 36 33 47 46 36 31 26 27 38 28 45 19 31 40 29 43 40 44 41 33 50 10 43 17 37 31 21 37 38 12 38 26 32 47 30 45 35 41 15 37 29 24 44 12 43 38 19 15 23 30 16 14 11 44 14 45 47 34 26 27 49 31 20 10 33 49 27 29 32 32 43 15 41 15 23 38 34 10 21 39 15 40 39 24 10 12 37 46 27 29 48 25 46 19 21 21 14 45 10 43 26 24 47 17 23 41 11 47 38 48 25 29 15 36 
13 47 17 45 22 29 43 20 15 32 16 28 20 20 34 44 38 49 13 46 11 33 11 15 18 43 10 31 42 40 42 34 23 37 35 37 27 21 40 19 17 23 29 12 35 47 23 18 49 13 46 49 35 12 36 21 18 14 27 10 10 19 12 21 38 24 24 13 10 14 16 38 50 37 26 11 28 42 32 42 25 22 32 50 13 33 12 28 41 26 29 17 45 36 28 49 10 21 32 50 17 13 40 36 47 23 41 31 15 36 15 46 31 29 32 12 44 24 43 19 29 38 41 48 10 14 43 40 25 49 28 
30 24 25 24 46 27 40 22 33 42 20 22 18 48 22 32 18 41 40 17 19 18 30 41 21 45 35 12 12 38 28 33 27 29 41 46 44 44 40 40 44 42 45 40 36 40 18 22 24 34 46 35 47 19 26 10 43 44 33 21 27 28 29 46 11 37 46 23 17 49 13 20 47 49 43 22 27 37 13 49 32 25 38 11 47 23 25 33 26 29 21 41 42 38 19 50 25 23 15 24 28 15 47 13 42 21 39 26 33 50 37 42 31 19 17 39 23 29 10 25 28 12 31 31 30 25 10 25 50 22 45 
44 31 19 23 34 35 28 34 47 35 44 47 24 36 14 50 24 44 45 24 10 48 23 18 30 19 41 11 46 41 46 23 25 29 41 20 11 27 42 27 15 28 47 41 25 41 37 34 16 17 14 26 26 40 39 25 23 23 46 33 31 15 40 48 23 44 28 38 17 34 22 18 26 19 15 48 23 32 40 49 50 25 19 32 12 42 32 34 27 38 22 18 14 30 26 45 36 33 23 40 10 34 46 22 36 11 21 20 25 28 17 27 47 14 46 14 13 18 49 10 50 15 49 50 26 17 22 34 44 25 44 
26 24 23 34 49 37 33 22 50 49 43 32 34 14 21 42 48 16 43 36 49 30 22 32 27 47 46 10 25 16 50 14 43 12 31 22 14 36 35 43 49 29 25 17 33 32 41 10 23 28 14 48 14 12 46 23 13 23 32 25 10 37 10 25 50 14 40 20 34 18 48 28 24 20 41 11 38 46 32 11 23 14 36 29 13 41 39 17 29 18 14 22 27 49 45 19 26 40 11 37 39 17 19 17 24 34 22 29 38 26 33 34 20 41 34 35 46 36 50 46 36 33 28 50 22 47 16 39 14 33 31 
30 43 31 33 30 38 42 32 13 30 35 28 37 32 47 41 48 23 28 49 43 11 22 11 20 38 44 44 46 27 48 11 29 10 12 24 16 12 33 11 21 10 46 50 46 19 26 37 14 12 12 44 40 50 13 20 42 43 30 40 33 13 24 11 32 42 44 38 24 27 22 21 33 27 49 23 26 11 24 29 24 45 30 49 21 27 39 37 28 47 38 19 42 32 19 37 43 19 16 41 47 16 50 35 30 33 41 16 28 30 21 22 23 22 15 46 37 23 49 12 34 23 22 29 49 25 31 23 40 13 43 
39 10 43 33 17 23 40 12 15 20 35 38 46 12 11 18 18 32 20 39 29 44 36 46 24 31 24 21 40 48 30 49 39 39 50 44 32 24 21 19 12 18 47 50 12 20 33 10 44 41 41 38 41 35 27 12 33 20 21 31 40 39 43 18 46 50 21 14 32 36 29 34 23 28 34 30 43 50 16 31 44 20 28 43 47 41 31 19 25 32 47 21 39 14 42 48 40 34 11 12 15 43 16 21 33 13 34 12 34 39 41 21 49 22 21 32 37 41 34 28 20 36 10 17 29 47 37 31 48 38 45 
37 39 42 33 32 25 23 17 44 49 31 45 33 10 24 33 31 48 45 16 25 44 48 36 32 23 24 12 46 28 27 20 32 37 44 40 14 36 24 47 50 41 10 12 28 14 35 26 26 15 20 12 45 43 42 24 13 46 45 39 40 11 44 37 49 35 43 41 26 32 17 42 12 24 47 13 40 46 48 17 43 14 39 11 21 34 40 19 36 50 37 12 18 35 11 29 47 36 38 22 31 24 43 12 13 15 34 47 12 43 15 45 44 35 39 49 18 16 40 40 39 22 50 24 16 18 16 16 48 41 23 
34 48 36 10 24 25 35 37 39 32 13 38 21 28 49 10 42 39 13 40 48 37 21 21 44 39 48 37 27 43 26 49 27 41 26 12 18 21 29 39 31 47 24 21 32 14 10 28 25 36 34 21 22 31 29 31 29 21 17 21 41 28 22 19 33 43 17 48 37 36 16 25 29 40 28 11 50 27 43 49 21 47 48 15 15 13 50 42 29 27 26 41 48 44 24 33 50 46 25 10 47 35 14 33 30 26 41 36 26 10 23 16 24 30 21 47 16 17 36 28 24 30 30 43 20 40 28 12 30 10 48 
49 36 37 31 36 11 13 37 43 46 39 25 34 30 12 20 49 26 20 49 11 13 47 22 39 34 11 27 12 30 40 44 49 19 47 14 22 47 12 37 25 26 43 33 46 30 24 30 31 40 10 43 26 18 33 14 26 34 13 39 29 50 40 37 24 48 23 10 49 49 22 30 42 19 15 30 38 32 20 47 40 23 12 50 11 29 18 40 21 36 41 24 37 43 50 30 30 28 17 19 48 44 46 23 25 15 25 14 26 36 17 34 14 17 50 47 46 37 36 50 42 11 49 42 45 26 30 32 48 38 49 
27 10 29 33 31 33 17 49 22 33 28 26 10 37 42 36 48 28 47 43 47 30 26 32 38 38 37 13 42 31 40 45 40 17 46 40 26 37 48 45 26 13 12 22 21 38 22 45 31 29 22 26 49 40 22 34 15 45 17 17 19 22 45 40 18 33 19 42 26 29 13 14 27 29 43 45 43 39 49 35 39 21 17 46 30 41 43 27 38 43 47 28 33 41 32 16 28 46 20 25 50 20 11 17 25 31 22 25 10 24 46 11 35 29 46 29 40 28 25 16 36 45 12 11 28 31 40 40 26 50 11 
32 23 17 43 10 35 49 18 10 39 33 36 29 42 43 32 29 33 39 33 22 40 22 18 10 39 11 35 12 28 46 29 36 21 45 16 10 19 36 14 29 39 44 18 23 28 38 39 26 37 36 26 50 30 26 45 35 38 47 23 47 10 17 22 27 32 32 21 26 12 20 10 23 34 33 36 10 50 37 20 39 27 20 43 24 28 18 43 36 37 43 20 28 13 37 17 14 38 26 28 10 18 36 15 20 25 35 36 46 26 23 14 40 33 37 19 35 37 23 37 27 26 48 11 44 42 49 14 13 15 11 
37 50 26 40 16 39 33 41 21 29 27 19 20 12 50 44 42 44 20 17 30 42 23 46 46 48 22 22 29 41 10 28 23 44 39 22 44 44 10 35 12 24 29 45 18 15 37 44 16 47 25 11 45 22 29 38 37 16 44 29 47 11 38 35 21 41 28 45 22 45 37 44 40 42 33 45 35 22 33 11 46 35 13 44 30 37 27 49 44 14 12 50 30 41 28 46 41 36 31 19 30 30 29 14 33 47 42 16 28 29 43 20 49 44 36 27 34 30 45 20 10 48 28 24 41 27 32 24 37 48 34 
16 46 16 13 33 39 31 38 42 50 38 28 40 16 45 34 39 38 45 35 48 21 31 20 45 34 39 46 39 25 31 43 45 11 34 31 47 31 25 27 22 41 48 38 15 11 41 22 16 14 41 49 25 23 11 42 38 44 42 19 14 41 25 19 20 31 10 13 47 49 46 16 12 22 13 44 26 36 42 49 49 13 45 22 21 22 36 19 30 40 48 50 25 19 20 17 13 11 15 33 44 25 29 12 38 41 27 23 34 36 21 11 32 28 39 23 49 31 42 26 43 23 28 20 20 49 45 10 14 21 30 
37 41 24 49 30 28 39 28 10 36 14 45 30 13 43 23 30 20 31 40 28 12 26 22 30 43 44 23 17 45 47 39 41 40 37 33 14 11 42 37 50 34 47 30 41 33 35 40 28 10 21 18 25 28 26 20 23 50 38 15 49 26 19 32 17 26 17 14 14 43 38 22 19 22 44 41 34 39 17 16 26 14 50 25 47 15 39 34 22 10 29 40 48 14 14 18 19 39 28 26 44 30 41 22 19 30 50 20 45 11 41 21 26 10 50 21 41 15 46 25 31 14 19 30 35 50 48 49 42 12 21 
44 45 37 47 48 12 19 24 23 47 24 41 34 24 39 43 34 45 38 10 10 15 28 27 26 42 44 14 49 37 10 10 47 12 31 45 50 27 19 39 46 37 41 26 24 15 10 45 19 14 45 25 31 40 34 43 32 20 47 48 40 48 23 49 18 10 11 18 36 18 45 40 20 45 24 28 13 22 10 14 40 30 13 27 27 17 41 44 20 34 13 46 40 30 18 15 44 28 37 32 24 23 13 10 36 20 44 37 40 45 32 20 27 21 15 23 30 19 29 47 43 19 39 30 46 36 16 28 47 13 12 
47 39 17 46 18 20 22 35 39 38 17 10 20 47 43 42 41 22 28 37 28 46 40 45 12 12 35 47 42 18 39 50 48 42 16 26 41 33 36 12 38 41 26 22 23 30 23 28 39 16 26 43 18 27 31 28 25 41 36 30 21 43 33 39 38 37 12 30 43 48 43 20 40 15 12 11 41 19 13 19 47 31 17 32 17 35 45 39 27 12 30 26 46 50 46 10 32 15 46 18 49 24 33 31 12 16 10 21 37 20 38 31 10 16 10 26 37 42 25 18 42 45 13 11 13 48 29 19 29 36 44 
42 31 27 35 29 16 14 36 17 47 28 35 19 39 45 12 19 38 32 18 21 49 28 42 20 15 33 21 23 50 27 37 19 34 44 38 26 20 34 50 30 39 43 38 33 27 26 50 14 43 13 14 28 21 14 25 23 39 23 27 38 16 44 34 41 45 50 19 10 18 34 10 13 16 37 48 25 25 28 16 17 13 28 32 34 42 10 46 41 21 20 28 10 16 17 41 47 25 28 40 28 27 23 17 32 50 43 13 25 42 28 33 10 44 45 46 10 40 50 32 42 23 44 48 37 39 17 34 25 30 26 
27 45 43 42 19 45 45 43 14 16 39 43 33 14 29 17 45 19 26 16 10 38 40 36 21 27 46 49 45 23 20 26 21 41 34 19 19 16 22 26 36 25 26 16 42 33 38 18 30 26 12 38 10 40 24 32 45 16 49 48 15 28 17 33 47 29 26 42 41 31 26 45 27 23 37 13 16 41 25 21 16 12 45 37 28 27 29 46 17 45 23 15 15 47 25 15 41 44 50 24 10 12 43 15 17 32 38 20 18 43 29 21 19 49 31 35 31 33 26 38 31 26 21 41 27 44 29 31 44 36 43 
36 34 20 29 26 20 42 42 16 40 47 15 12 14 44 48 49 10 16 29 24 30 50 39 23 28 13 47 22 46 41 46 18 31 22 30 15 42 25 23 19 36 10 11 48 12 39 44 38 33 23 35 23 24 22 42 14 36 17 34 31 14 37 28 48 28 35 37 13 27 20 30 15 17 17 47 50 23 11 25 29 19 46 39 36 12 18 26 20 25 16 34 35 20 28 24 23 49 32 19 48 21 43 32 16 18 25 27 29 10 27 19 48 47 28 47 35 47 33 47 18 40 21 45 46 38 26 50 36 22 25 
37 45 20 14 22 14 29 22 36 12 50 34 22 48 37 47 30 24 36 36 11 21 30 24 24 18 50 33 17 38 25 29 12 15 31 31 34 28 44 49 45 44 40 27 45 24 38 26 43 37 48 35 28 45 43 13 22 44 40 50 43 15 49 17 14 30 46 48 27 31 33 38 33 47 34 46 13 37 27 31 10 33 29 35 30 32 32 19 23 49 22 40 36 31 48 23 26 14 44 27 41 15 41 43 22 50 40 26 21 27 50 25 12 43 25 50 16 48 16 19 49 13 28 37 38 35 21 37 43 40 22 
37 34 34 37 42 14 31 42 50 14 37 24 26 41 44 37 15 22 15 35 21 30 17 39 27 41 46 36 13 15 15 41 33 27 20 45 10 11 24 10 46 44 36 48 46 24 39 12 18 34 21 34 10 34 12 29 30 30 49 19 37 26 10 13 27 43 31 27 11 23 38 29 37 15 12 21 47 43 38 14 37 10 29 15 29 42 44 22 24 10 14 41 10 29 18 43 45 23 10 28 41 11 12 14 13 35 49 31 46 10 36 25 48 29 14 44 12 24 40 24 10 22 39 40 28 26 17 28 40 13 49 
46 30 45 27 45 46 32 31 33 30 27 38 20 39 16 24 41 23 44 19 15 34 40 18 42 31 35 50 28 41 49 20 33 22 50 40 46 20 15 13 25 48 16 42 38 29 48 40 17 49 45 39 34 31 23 25 47 18 10 22 33 31 14 50 21 28 28 17 45 16 26 39 38 38 36 40 11 42 17 11 11 38 42 45 36 42 48 25 22 48 17 19 23 44 21 39 50 13 19 42 31 27 32 16 38 14 28 35 50 43 32 32 21 40 41 11 32 20 44 45 28 45 47 48 17 30 25 46 36 12 44 
32 39 38 31 25 47 38 12 32 30 26 36 24 13 20 45 26 41 34 26 26 38 27 14 16 31 40 13 19 15 32 23 24 17 48 47 18 28 38 20 35 46 14 23 37 15 41 50 18 19 12 48 49 25 36 39 35 14 38 18 26 16 25 23 41 23 49 12 24 30 46 15 35 47 16 27 41 41 30 45 38 46 48 31 17 44 29 46 37 32 12 47 21 44 37 13 35 13 23 50 21 38 27 36 23 26 12 22 50 18 21 10 16 41 41 50 24 28 50 48 39 29 10 21 35 11 31 15 31 15 22 
41 37 28 22 12 17 29 46 46 22 14 21 13 23 18 29 35 26 38 34 14 23 42 48 30 41 50 17 49 40 36 36 45 20 28 25 16 15 18 37 24 30 11 14 47 32 49 42 10 12 39 37 13 12 21 23 33 20 50 46 24 39 45 17 28 40 33 39 30 35 10 24 47 23 49 48 16 21 41 32 36 13 14 17 31 43 28 10 24 19 46 47 14 26 39 26 33 24 37 33 45 13 37 15 28 23 40 50 25 48 35 26 27 42 11 15 49 46 32 33 47 36 32 45 21 35 46 47 21 14 46 
27 30 28 34 45 34 41 31 47 40 33 39 38 43 18 28 18 14 20 19 15 48 30 13 29 31 33 33 28 12 42 45 20 48 21 29 45 25 15 48 50 29 35 36 16 19 20 16 30 19 22 35 11 49 32 24 26 36 32 28 23 37 21 31 47 24 16 32 29 20 50 15 35 30 11 27 20 45 20 25 12 38 15 17 37 18 32 24 12 43 47 19 22 20 49 40 16 42 15 27 13 37 30 33 28 31 16 48 16 32 28 17 20 29 23 41 23 24 11 20 40 35 19 10 23 38 50 50 18 19 32 
43 34 24 35 29 46 48 16 27 45 50 12 38 12 50 44 36 32 26 10 11 40 24 35 45 31 32 22 46 17 28 44 35 39 46 32 16 17 34 27 22 48 27 43 21 37 37 40 28 22 41 31 10 17 10 11 46 15 19 38 19 19 22 15 28 17 33 16 44 24 26 30 17 48 40 24 18 29 40 35 46 33 21 36 46 31 49 49 37 29 38 17 36 21 41 13 48 24 47 29 38 41 25 39 49 41 34 34 17 27 37 14 14 19 49 21 13 25 29 24 24 26 48 12 16 46 30 14 23 14 23 
25 17 11 36 29 50 29 16 43 49 23 21 20 31 43 37 29 20 32 25 30 21 49 38 10 38 24 31 28 11 14 12 50 47 31 35 45 17 38 11 48 35 24 20 25 25 27 30 38 49 11 42 48 31 12 32 50 45 40 45 19 39 14 13 42 25 29 17 41 25 17 46 13 44 25 36 33 47 18 28 15 46 49 32 43 28 50 28 37 35 22 14 25 22 37 24 20 44 30 23 30 40 49 34 39 24 39 32 48 27 48 10 36 44 27 26 25 13 28 16 13 32 43 11 23 42 13 41 36 10 37 
30 35 41 13 31 16 35 45 41 16 45 12 44 25 45 50 29 36 44 40 10 16 49 34 45 31 31 17 20 10 38 50 23 43 19 50 16 42 12 11 20 45 38 49 22 46 20 12 18 44 40 45 38 37 13 46 22 35 11 44 28 45 20 12 38 34 37 46 36 11 20 36 37 19 29 44 28 49 32 44 19 23 36 30 34 17 49 27 41 33 31 22 39 48 22 40 20 29 29 29 17 46 30 16 25 24 16 12 12 13 23 28 18 31 20 17 36 41 47 13 32 24 40 42 18 35 10 35 49 32 45 
