1000
752991
202935
293363
344729
919205
634824
397475
718095
621069
888478
429726
205368
107541
425744
827012
68275
932469
203939
523294
339899
25406
56014
118361
547182
873734
934254
805352
148516
313972
788634
359581
674754
789816
859533
155412
385843
984324
34401
329480
958295
396732
274816
437808
328399
90053
16626
741908
437959
685901
632761
409106
11743
948255
396388
248255
544706
222826
730473
271332
447316
141546
192485
883509
977018
807691
569813
717578
72729
428666
364604
402451
781875
698499
647143
237390
917935
916911
903291
641256
214571
997279
871845
838625
887721
578329
714299
540566
905011
763758
20168
645825
69121
837744
986087
181666
643874
771191
694395
479361
282469
945870
739840
188214
299838
383271
585096
540340
651487
429855
574861
369382
19963
278694
799337
616650
55185
617060
484403
591988
608340
64942
572612
679763
410367
700822
316848
102651
102069
642672
229906
215054
216915
955616
143339
821290
676780
469059
742067
695111
666072
900701
285971
596921
677775
25117
559091
909195
648125
279778
575958
953341
497460
968118
189099
534513
354243
637341
161545
19927
616255
20454
148973
2094
75523
86759
261471
604490
176622
921281
172315
775640
808027
39571
657486
741103
532769
966473
580848
949192
885249
929648
141123
885887
751765
44301
549637
499059
313925
435578
666976
807536
612250
752074
504391
920634
698303
929160
703716
688511
269876
189662
986317
977351
488186
991249
299481
381192
384888
78475
660732
872922
115701
184119
526421
297376
25810
597338
640757
403105
657534
641672
812324
526122
668402
144618
910047
942953
323600
985825
400982
885407
880728
54572
80141
726085
349262
12775
232912
431140
582499
649327
296853
812280
428415
630094
353260
363264
718879
252104
922925
815699
370712
403995
634248
437341
767889
980894
413909
850455
125137
100194
527340
571968
82015
354967
73074
574672
372956
895819
278893
146213
180771
908327
534712
294716
917980
413482
817707
735013
868691
644133
503258
860722
63755
816191
318510
671343
94161
28355
115373
609146
916022
884897
805747
374482
144760
195702
526240
40212
557403
479330
342063
248470
191181
28060
486910
699942
442528
181624
174539
611800
644282
766030
852646
643328
743569
140098
815421
994522
452336
179254
234477
83558
913370
648675
680179
780783
596119
32909
34396
491197
957747
992840
483680
118385
482005
547757
183693
845424
443567
775070
728549
9294
167403
622852
366081
340276
608012
648546
927590
313198
279137
665786
20462
39810
7279
878867
274211
467012
996431
476866
133099
298522
206567
608113
598180
325145
240005
149612
279365
462335
865866
20587
655568
155199
677329
963657
282823
340060
427665
387988
557852
126060
283543
927459
710999
954416
396650
3587
473590
873933
62048
930226
357340
299481
627807
916090
933478
677871
355370
63153
153457
636574
30743
506367
752887
133205
980220
810342
31951
194638
218232
331073
993066
686396
149146
543722
475078
787992
394167
666003
906894
254273
718968
504842
944972
53395
798429
64924
900626
950179
791963
742438
515483
593533
807702
638778
395851
173611
970922
233885
204288
900895
696516
26993
35354
920338
85337
332829
794606
711409
735208
928947
24897
555022
792581
278698
153370
754581
993643
441736
941122
444215
223012
975700
540302
596266
627642
564157
305791
972805
667204
217014
646872
612493
927499
451359
956673
602537
646457
32830
700700
235027
939870
320579
820760
140601
972610
982875
550354
476581
642325
317879
299288
481900
459312
182063
366304
748982
263128
329567
804876
856437
425912
709183
551907
435688
689383
107116
893413
12685
970916
81851
422337
543210
53813
31683
661729
25404
928104
370606
778297
883153
949430
667984
571627
931385
98360
414924
405534
131475
551612
970671
552251
255575
28042
470949
58720
387389
910701
197974
947975
760020
90970
267864
386048
328651
805545
94980
94694
959018
33673
239954
225662
58072
4075
850672
862721
266767
358251
513470
922235
46130
77074
535719
580526
235001
992302
487342
530159
626189
494854
550563
546226
330523
482441
902941
376970
832309
971733
907934
555063
797224
221959
57531
380618
850269
629001
305613
488795
61328
208861
206261
636178
833257
381663
11974
803693
906675
454993
809167
680501
816884
224444
350141
40302
685904
650723
190070
375650
712725
14017
602957
651338
606356
784495
361385
71326
349831
958045
116607
62545
319106
566747
860537
527353
134920
174396
554521
330419
568189
484948
925895
613776
399646
371937
730470
574637
545396
500254
875426
625973
419065
136302
54262
940821
755905
669352
579690
236123
646562
487687
315316
368399
94938
879173
916812
573
782935
12098
483613
687865
64336
345106
685917
747695
905135
438338
278577
585689
565573
61197
150171
602263
479388
407869
165791
846369
90273
321990
6635
273493
611804
953639
317111
801746
448690
891050
477567
978013
178064
792740
657819
835511
218412
931610
303051
499024
609113
239728
360439
730757
291164
92289
101223
311783
483926
920988
881321
188330
431743
828105
730024
39138
615978
162760
331764
288761
65925
102627
149781
531018
768658
801782
184455
608449
514398
110233
274620
307058
903654
127468
944677
120226
337434
4776
551039
214401
280111
818951
791366
199690
265785
426464
825542
481116
482303
14769
494177
934055
576795
892856
828011
793674
237996
531454
637311
127214
211070
900482
485161
508718
598186
844930
106924
371676
341898
157351
84351
368449
889804
566589
620035
16747
517217
476344
401927
817552
140322
994045
62143
304226
550086
343051
830391
175972
640683
34912
139251
278796
267823
543291
997889
512102
786740
14210
409682
462092
932006
241450
102867
878632
663527
198553
892814
707342
918312
993510
809923
337373
486631
127711
398027
635214
864179
136570
469633
328341
501021
144619
335458
714940
682369
841855
904815
734518
251022
293403
410745
1834
818809
725024
596856
762350
994925
927620
306254
787301
557638
48406
360298
67771
42078
23959
292797
705877
252659
154938
118476
179288
514233
757371
319230
89895
85449
221355
332560
827232
684015
710749
166771
930684
321702
706704
246392
744315
981042
215955
826873
197972
114662
119456
738341
570202
954777
574473
207674
847205
885244
580587
231469
248684
1288
687234
861065
287209
169077
450118
616700
391818
336448
868870
36371
892722
911199
643896
204577
354335
233680
568505
330835
247796
285353
97716
645920
142554
558669
667070
454239
664007
497457
787946
129816
565553
557183
375095
73888
932653
989667
250718
932671
837833
119460
753437
512003
956316
538708
474666
24191
514556
320372
904671
87812
449618
364264
767448
150308
51589
558548
590490
329026
608543
803551
701760
305160
784695
560214
94541
86288
268522
423495
107106
685604
158697
945660
450890
959255
635113
676054
657831
521562
733255
648221
906482
511385
930633
496639
710838
932867
2408
628325
79245
102641
762722
139013
69770
50391
659273
510020
92195
360642
67253
887022
957347
68311
733258
670773
322395
686547
295579
291222
66645
110968
448636
152165
734931
894670
299044
259873
714954
