1000
55979
234634
491886
402863
149813
988107
904504
114250
636079
555714
307204
387295
208851
528058
894615
920226
32648
778970
50517
905191
538800
630821
744768
452664
729359
428169
940338
439857
251700
594215
626284
262058
722781
265830
571133
278505
784653
694810
160985
560564
901163
466308
72184
562589
481744
118609
604464
740314
553887
568656
617567
9758
803608
555910
97665
435580
440737
936450
53886
787553
223433
542
74059
260776
917638
859096
493927
871751
949498
883188
626798
438309
331318
526137
663183
592781
465688
433712
644778
432062
990567
377940
136966
205540
655650
106468
513525
856981
252304
168876
442571
486505
574467
369244
76294
946118
916872
495869
973614
265957
646336
637499
630262
564314
203371
109769
568490
499711
277782
576930
155054
817857
225228
16652
405015
364512
718226
953545
989636
340349
866667
384850
9489
268348
232678
500608
306263
79531
657324
35935
891521
407058
248352
971853
496533
913693
246596
392557
316448
209192
993888
788124
591028
939945
255535
590964
971770
970307
386029
828837
762507
284400
233811
445704
755691
728697
233671
627969
76462
604424
640652
710349
981477
347872
346079
754631
519613
220478
934077
886512
788877
682644
611616
539398
514909
610145
545928
109947
808545
677326
464043
313980
388268
850949
48671
220402
207970
51860
609829
610677
960991
89246
636038
36512
750765
278779
547571
56456
649764
631727
587404
236279
728375
534278
108472
399349
537711
874174
689949
124747
316908
438843
864958
183263
797317
273639
712090
176244
477056
251209
881821
674418
984447
432310
978346
693343
439032
663800
370246
13562
134110
911171
264218
942326
514946
149203
743882
427596
853599
488173
740050
974497
312341
860826
224343
203469
35136
613324
568875
526672
462299
63390
705619
714098
187729
953095
464179
274563
691187
278661
2632
985711
658151
681445
503785
659868
964412
945413
543793
509669
683306
113393
500584
329425
665018
11375
547880
243155
227015
827788
803621
676424
101519
60518
447149
121967
82750
984276
192798
295656
220030
3988
358754
72479
212160
916372
596975
812981
315494
464137
495111
52493
203258
981530
396426
863314
836895
741929
823429
916455
319236
526190
180419
683551
65048
599194
315069
895485
688019
361316
997468
648847
960095
523785
270848
953382
238438
985960
995683
471457
565001
163551
457027
592631
606672
421057
624668
53393
822607
824714
59967
850227
39707
897502
911629
896036
61970
252605
551544
726393
226595
454503
675083
478265
419358
443889
132603
980043
630664
251693
292070
434980
388892
655620
951585
670395
335322
202244
833809
207969
114747
862965
348936
65140
755073
414129
211693
252096
147316
185264
762089
143294
228523
276355
914191
173256
968381
789851
299069
954050
334251
347795
109238
387300
889461
374253
417356
851015
620890
308421
639423
96481
518889
27511
355408
201008
609085
726987
267976
343188
201013
944742
237700
826731
346447
927737
428639
36073
947844
454229
682616
21709
856916
631398
932427
502403
40534
958652
70221
112084
566731
598403
158312
683090
614282
316003
457195
298234
421817
63274
840884
740849
935193
239562
127701
995793
403678
743176
590819
391647
396593
288196
60732
118531
453184
992060
910058
521364
528867
347344
395778
521308
966994
66694
929780
559887
387544
969312
395177
620646
558282
874130
979532
276701
227969
61299
990042
561151
416412
943845
791585
116555
68847
872591
525280
841249
847611
135198
677303
935559
689039
543736
613440
434403
858188
500752
885234
502838
18690
424582
896593
871862
752649
315014
291674
628981
34716
256023
922667
14286
319010
740431
206957
96124
407491
137299
399321
281022
276467
725781
131418
996448
227314
535321
229219
970907
311972
892390
88220
633002
598237
297556
77868
775529
218386
584618
994079
365502
358124
829023
410353
52657
568797
215230
673716
136630
606504
848909
140170
639100
507658
740692
884767
365943
874614
303046
145613
312071
934653
492622
923640
493266
991929
510861
89435
513554
313155
292893
398217
225888
1323
292178
692044
688727
741381
865333
725142
833612
254217
394485
44445
609533
259164
891809
493343
406067
119202
431986
699905
659230
677509
801054
892793
44560
280190
691137
172589
245362
36438
948465
716964
733975
570073
899596
396145
687988
705895
50130
289731
914114
427741
973792
97114
872511
992841
386408
741275
118241
263586
871154
253832
241553
133441
952468
210561
688861
275610
496321
211854
901864
30558
96392
549201
735318
616662
637456
352900
489353
585755
847673
970961
839101
349248
414036
637605
73685
541430
880796
621222
54645
491924
680482
949184
813597
554647
986474
371017
678710
65099
678093
936044
672076
508836
682686
641492
959415
671780
445230
2575
131558
399565
328990
685119
863693
954502
981005
851211
228688
624005
599062
601275
141906
163109
964594
150982
247638
396687
390188
933777
19716
141696
204645
748566
399618
827601
695306
175242
997689
301320
284368
558583
285329
827613
240057
191587
608093
43122
491015
490993
561164
678484
309154
123758
312609
202246
191495
459475
244247
687431
493494
633123
297984
528836
240598
644394
3020
337348
265876
569000
918996
688051
50966
853152
652305
431492
281158
365229
662792
601349
291604
460415
565936
145938
400233
759048
313981
115720
28897
990236
861612
522505
24734
877613
565830
158569
899838
107564
308182
396773
845635
472433
299342
917279
719324
411802
939947
845034
469588
755041
226741
177706
913778
665427
814291
703352
943326
400500
713038
278658
582216
64095
634421
828689
745115
134131
566300
933587
229336
860442
159095
16198
985118
661070
634348
211612
716748
175363
164812
58077
869403
273043
911161
514496
991521
215173
14366
605451
57361
163858
765873
392636
584167
773715
483510
506611
107084
359060
618925
884927
653532
649261
881396
904158
81575
335874
363849
752205
35103
975437
922931
939191
153363
836351
706789
561135
311381
596277
494243
844788
355427
133977
872607
449652
595286
720072
732992
968678
9422
515099
161341
795185
110240
580202
480782
265203
113249
284175
590027
910400
200176
99193
410941
438757
131172
506502
463684
521506
542348
292700
823459
901013
31021
844038
666867
202187
858832
199285
595313
561519
230114
309518
511356
389227
611677
807667
855070
289885
574860
276225
431269
621966
977970
696536
521784
456253
578821
757247
78846
699367
248313
722700
430248
74454
819230
695964
830028
499144
691877
996309
647473
377314
279598
626566
299296
980279
737213
683278
200853
278972
263362
161737
995193
215537
901648
55441
506781
896906
783069
997919
127916
559551
321190
854203
966375
109425
638992
925177
110696
734834
147643
726453
662003
813242
43972
559848
303737
869806
227468
518494
221983
893360
618293
66687
136709
674431
198929
731326
484567
469472
421832
32441
913816
465207
876392
965806
307288
23898
975316
19959
353307
298507
823873
811203
215334
887194
449578
398303
693358
214129
882127
757301
815303
34793
312166
543655
754280
893931
29127
953622
491108
201211
76866
59754
427514
312074
930847
218172
903058
959290
142564
